0.000000000000000000e+00,0.000000000000000000e+00,3.392857142857142461e-01,8.888888888888889506e-01,1.344196874263827596e-04,1.286985807072407902e-02,0.000000000000000000e+00,0.000000000000000000e+00,1.899240303878449269e-03,9.306260575296106119e-03,0.000000000000000000e+00,0.000000000000000000e+00,0.000000000000000000e+00,0.000000000000000000e+00,1.329239276362149105e-05,0.000000000000000000e+00,3.015253636041145336e-05,1.000000000000000000e+00,1.000000000000000000e+00,2.325581395348836830e-02,0.000000000000000000e+00,0.000000000000000000e+00,0.000000000000000000e+00,0.000000000000000000e+00,0.000000000000000000e+00,0.000000000000000000e+00,0.000000000000000000e+00,0.000000000000000000e+00
0.000000000000000000e+00,0.000000000000000000e+00,3.392857142857142461e-01,8.888888888888889506e-01,1.157376291739029120e-04,1.286985807072407902e-02,0.000000000000000000e+00,0.000000000000000000e+00,6.997201119552171533e-04,1.226734348561759821e-02,0.000000000000000000e+00,0.000000000000000000e+00,0.000000000000000000e+00,0.000000000000000000e+00,1.329239276362149105e-05,0.000000000000000000e+00,2.305782192266666938e-05,1.000000000000000000e+00,1.000000000000000000e+00,2.325581395348836830e-02,0.000000000000000000e+00,0.000000000000000000e+00,0.000000000000000000e+00,0.000000000000000000e+00,0.000000000000000000e+00,0.000000000000000000e+00,0.000000000000000000e+00,0.000000000000000000e+00
0.000000000000000000e+00,0.000000000000000000e+00,3.392857142857142461e-01,8.888888888888889506e-01,1.298630878526071063e-04,1.286985807072407902e-02,0.000000000000000000e+00,0.000000000000000000e+00,9.996001599360216587e-05,4.230118443316407289e-04,0.000000000000000000e+00,0.000000000000000000e+00,0.000000000000000000e+00,0.000000000000000000e+00,1.329239276362149105e-05,0.000000000000000000e+00,1.773678609435963332e-04,3.529411764705880916e-02,1.000000000000000000e+00,2.325581395348836830e-02,0.000000000000000000e+00,2.195170624625807340e-05,1.689189189189200057e-05,0.000000000000000000e+00,0.000000000000000000e+00,0.000000000000000000e+00,0.000000000000000000e+00,0.000000000000000000e+00
0.000000000000000000e+00,0.000000000000000000e+00,8.928571428571427937e-01,8.888888888888889506e-01,0.000000000000000000e+00,1.286985807072407902e-02,0.000000000000000000e+00,0.000000000000000000e+00,9.996001599360216587e-05,0.000000000000000000e+00,0.000000000000000000e+00,0.000000000000000000e+00,0.000000000000000000e+00,0.000000000000000000e+00,1.329239276362149105e-05,0.000000000000000000e+00,0.000000000000000000e+00,6.784313725490196401e-01,6.274509803921568540e-01,1.581395348837209142e-02,3.000000000000000236e-02,1.995609658750818995e-06,4.222972972972764668e-06,0.000000000000000000e+00,0.000000000000000000e+00,2.000000000000041838e-05,3.944773175542391140e-05,0.000000000000000000e+00
0.000000000000000000e+00,0.000000000000000000e+00,3.392857142857142461e-01,8.888888888888889506e-01,1.417102467444243414e-04,1.286985807072407902e-02,0.000000000000000000e+00,0.000000000000000000e+00,7.996801279488214469e-04,2.961082910321488626e-03,0.000000000000000000e+00,0.000000000000000000e+00,0.000000000000000000e+00,0.000000000000000000e+00,1.329239276362149105e-05,0.000000000000000000e+00,0.000000000000000000e+00,3.137254901960785658e-02,7.450980392156858478e-02,2.325581395348836830e-02,0.000000000000000000e+00,2.394731590500889112e-05,6.756756756756769058e-05,0.000000000000000000e+00,0.000000000000000000e+00,0.000000000000000000e+00,0.000000000000000000e+00,0.000000000000000000e+00
0.000000000000000000e+00,1.000000000000000021e-02,8.035714285714284921e-01,8.888888888888889506e-01,4.784429552464527369e-05,1.286985807072407902e-02,0.000000000000000000e+00,0.000000000000000000e+00,9.996001599360216587e-05,0.000000000000000000e+00,0.000000000000000000e+00,0.000000000000000000e+00,0.000000000000000000e+00,0.000000000000000000e+00,1.329239276362149105e-05,0.000000000000000000e+00,0.000000000000000000e+00,1.000000000000000000e+00,9.921568627450979561e-01,2.302325581395348389e-02,1.000000000000000194e-02,0.000000000000000000e+00,0.000000000000000000e+00,0.000000000000000000e+00,0.000000000000000000e+00,0.000000000000000000e+00,0.000000000000000000e+00,0.000000000000000000e+00
0.000000000000000000e+00,1.000000000000000021e-02,8.035714285714284921e-01,8.888888888888889506e-01,4.784429552464527369e-05,1.286985807072407902e-02,0.000000000000000000e+00,0.000000000000000000e+00,9.996001599360216587e-05,0.000000000000000000e+00,0.000000000000000000e+00,0.000000000000000000e+00,0.000000000000000000e+00,0.000000000000000000e+00,1.329239276362149105e-05,0.000000000000000000e+00,0.000000000000000000e+00,1.000000000000000000e+00,9.921568627450979561e-01,2.302325581395348389e-02,1.000000000000000194e-02,0.000000000000000000e+00,0.000000000000000000e+00,0.000000000000000000e+00,0.000000000000000000e+00,0.000000000000000000e+00,0.000000000000000000e+00,0.000000000000000000e+00
0.000000000000000000e+00,0.000000000000000000e+00,3.392857142857142461e-01,8.888888888888889506e-01,1.407989268296690319e-04,1.286985807072407902e-02,0.000000000000000000e+00,0.000000000000000000e+00,1.999200319872063917e-04,8.460236886632814578e-04,0.000000000000000000e+00,0.000000000000000000e+00,0.000000000000000000e+00,0.000000000000000000e+00,1.329239276362149105e-05,0.000000000000000000e+00,1.188364668322109075e-04,1.000000000000000000e+00,1.000000000000000000e+00,2.325581395348836830e-02,0.000000000000000000e+00,0.000000000000000000e+00,0.000000000000000000e+00,0.000000000000000000e+00,0.000000000000000000e+00,0.000000000000000000e+00,0.000000000000000000e+00,0.000000000000000000e+00
0.000000000000000000e+00,0.000000000000000000e+00,3.392857142857142461e-01,8.888888888888889506e-01,1.471781662329544097e-04,1.286985807072407902e-02,0.000000000000000000e+00,0.000000000000000000e+00,1.999200319872063917e-04,4.230118443316407289e-04,0.000000000000000000e+00,0.000000000000000000e+00,0.000000000000000000e+00,0.000000000000000000e+00,1.329239276362149105e-05,0.000000000000000000e+00,0.000000000000000000e+00,7.843137254901984962e-03,1.000000000000000000e+00,2.325581395348836830e-02,0.000000000000000000e+00,9.978048293753751842e-05,2.533783783783784670e-05,0.000000000000000000e+00,0.000000000000000000e+00,0.000000000000000000e+00,0.000000000000000000e+00,0.000000000000000000e+00
0.000000000000000000e+00,0.000000000000000000e+00,3.392857142857142461e-01,8.888888888888889506e-01,1.503677859345975594e-04,1.286985807072407902e-02,0.000000000000000000e+00,0.000000000000000000e+00,1.199520191923230056e-03,4.653130287648053059e-03,0.000000000000000000e+00,0.000000000000000000e+00,0.000000000000000000e+00,0.000000000000000000e+00,1.329239276362149105e-05,0.000000000000000000e+00,0.000000000000000000e+00,4.705882352941174324e-02,1.000000000000000000e+00,2.325581395348836830e-02,0.000000000000000000e+00,1.596487727000592854e-05,2.533783783783784670e-05,0.000000000000000000e+00,0.000000000000000000e+00,0.000000000000000000e+00,0.000000000000000000e+00,0.000000000000000000e+00
0.000000000000000000e+00,0.000000000000000000e+00,3.392857142857142461e-01,8.888888888888889506e-01,1.134593293870150854e-04,1.286985807072407902e-02,0.000000000000000000e+00,0.000000000000000000e+00,6.997201119552171533e-04,2.538071065989847084e-03,0.000000000000000000e+00,0.000000000000000000e+00,0.000000000000000000e+00,0.000000000000000000e+00,1.329239276362149105e-05,0.000000000000000000e+00,0.000000000000000000e+00,2.745098039215682420e-02,7.333333333333333925e-01,2.325581395348836830e-02,0.000000000000000000e+00,2.793853522251052996e-05,1.689189189189200057e-05,0.000000000000000000e+00,1.267427122940427322e-05,0.000000000000000000e+00,0.000000000000000000e+00,0.000000000000000000e+00
0.000000000000000000e+00,1.000000000000000021e-02,8.035714285714284921e-01,8.888888888888889506e-01,4.784429552464527369e-05,1.286985807072407902e-02,0.000000000000000000e+00,0.000000000000000000e+00,9.996001599360216587e-05,0.000000000000000000e+00,0.000000000000000000e+00,0.000000000000000000e+00,0.000000000000000000e+00,0.000000000000000000e+00,1.329239276362149105e-05,0.000000000000000000e+00,0.000000000000000000e+00,1.000000000000000000e+00,9.921568627450979561e-01,2.302325581395348389e-02,1.000000000000000194e-02,0.000000000000000000e+00,0.000000000000000000e+00,0.000000000000000000e+00,0.000000000000000000e+00,0.000000000000000000e+00,0.000000000000000000e+00,-4.000000000000000000e+00
0.000000000000000000e+00,0.000000000000000000e+00,3.392857142857142461e-01,8.888888888888889506e-01,1.394319469575365012e-04,1.286985807072407902e-02,0.000000000000000000e+00,0.000000000000000000e+00,1.999200319872063917e-04,3.384094754653129301e-03,0.000000000000000000e+00,0.000000000000000000e+00,0.000000000000000000e+00,0.000000000000000000e+00,1.329239276362149105e-05,0.000000000000000000e+00,1.188364668322109075e-04,7.843137254901984962e-03,3.176470588235294490e-01,2.325581395348836830e-02,0.000000000000000000e+00,9.978048293753751842e-05,2.533783783783784670e-05,0.000000000000000000e+00,1.267427122940427322e-05,0.000000000000000000e+00,0.000000000000000000e+00,0.000000000000000000e+00
0.000000000000000000e+00,0.000000000000000000e+00,3.392857142857142461e-01,8.888888888888889506e-01,1.157376291739029120e-04,1.286985807072407902e-02,0.000000000000000000e+00,0.000000000000000000e+00,1.999200319872063917e-04,4.230118443316407289e-04,0.000000000000000000e+00,0.000000000000000000e+00,0.000000000000000000e+00,0.000000000000000000e+00,1.329239276362149105e-05,0.000000000000000000e+00,0.000000000000000000e+00,1.000000000000000000e+00,1.000000000000000000e+00,2.325581395348836830e-02,0.000000000000000000e+00,0.000000000000000000e+00,0.000000000000000000e+00,0.000000000000000000e+00,0.000000000000000000e+00,0.000000000000000000e+00,0.000000000000000000e+00,0.000000000000000000e+00
0.000000000000000000e+00,1.000000000000000021e-02,8.035714285714284921e-01,8.888888888888889506e-01,4.784429552464527369e-05,1.286985807072407902e-02,0.000000000000000000e+00,0.000000000000000000e+00,9.996001599360216587e-05,0.000000000000000000e+00,0.000000000000000000e+00,0.000000000000000000e+00,0.000000000000000000e+00,0.000000000000000000e+00,1.329239276362149105e-05,0.000000000000000000e+00,0.000000000000000000e+00,1.000000000000000000e+00,9.921568627450979561e-01,2.302325581395348389e-02,1.000000000000000194e-02,0.000000000000000000e+00,0.000000000000000000e+00,0.000000000000000000e+00,0.000000000000000000e+00,0.000000000000000000e+00,0.000000000000000000e+00,-4.000000000000000000e+00
0.000000000000000000e+00,1.000000000000000021e-02,8.035714285714284921e-01,8.888888888888889506e-01,4.784429552464527369e-05,1.286985807072407902e-02,0.000000000000000000e+00,0.000000000000000000e+00,9.996001599360216587e-05,0.000000000000000000e+00,0.000000000000000000e+00,0.000000000000000000e+00,0.000000000000000000e+00,0.000000000000000000e+00,1.329239276362149105e-05,0.000000000000000000e+00,0.000000000000000000e+00,1.000000000000000000e+00,9.921568627450979561e-01,2.302325581395348389e-02,1.000000000000000194e-02,1.995609658750818995e-06,0.000000000000000000e+00,0.000000000000000000e+00,0.000000000000000000e+00,0.000000000000000000e+00,0.000000000000000000e+00,-4.000000000000000000e+00
0.000000000000000000e+00,0.000000000000000000e+00,3.392857142857142461e-01,8.888888888888889506e-01,1.603923049969041754e-04,1.286985807072407902e-02,0.000000000000000000e+00,0.000000000000000000e+00,9.996001599360216587e-05,4.230118443316407289e-04,0.000000000000000000e+00,0.000000000000000000e+00,0.000000000000000000e+00,0.000000000000000000e+00,1.329239276362149105e-05,0.000000000000000000e+00,1.773678609435963332e-04,4.588235294117647411e-01,1.000000000000000000e+00,2.325581395348836830e-02,0.000000000000000000e+00,1.995609658750818995e-06,1.689189189189200057e-05,3.333333333333310454e-06,1.267427122940427322e-05,0.000000000000000000e+00,0.000000000000000000e+00,0.000000000000000000e+00
0.000000000000000000e+00,0.000000000000000000e+00,3.392857142857142461e-01,8.888888888888889506e-01,1.439885465313121545e-04,1.286985807072407902e-02,0.000000000000000000e+00,0.000000000000000000e+00,9.996001599360216587e-05,3.807106598984771276e-03,0.000000000000000000e+00,0.000000000000000000e+00,0.000000000000000000e+00,0.000000000000000000e+00,1.329239276362149105e-05,0.000000000000000000e+00,8.868393047179945411e-05,7.058823529411761832e-02,1.137254901960784992e-01,2.325581395348836830e-02,0.000000000000000000e+00,1.197365795250460141e-05,4.222972972972953556e-05,0.000000000000000000e+00,0.000000000000000000e+00,0.000000000000000000e+00,0.000000000000000000e+00,0.000000000000000000e+00
0.000000000000000000e+00,0.000000000000000000e+00,3.392857142857142461e-01,8.888888888888889506e-01,1.266734681509639566e-04,1.286985807072407902e-02,0.000000000000000000e+00,0.000000000000000000e+00,9.996001599360216587e-05,1.269035532994923108e-03,0.000000000000000000e+00,0.000000000000000000e+00,0.000000000000000000e+00,0.000000000000000000e+00,1.329239276362149105e-05,0.000000000000000000e+00,1.773678609435963332e-04,5.098039215686277909e-02,1.000000000000000000e+00,2.325581395348836830e-02,0.000000000000000000e+00,1.596487727000592854e-05,2.533783783783784670e-05,0.000000000000000000e+00,0.000000000000000000e+00,0.000000000000000000e+00,0.000000000000000000e+00,0.000000000000000000e+00
0.000000000000000000e+00,0.000000000000000000e+00,3.392857142857142461e-01,8.888888888888889506e-01,1.517347658067300629e-04,1.286985807072407902e-02,0.000000000000000000e+00,0.000000000000000000e+00,1.099560175929627931e-03,4.230118443316411951e-03,0.000000000000000000e+00,0.000000000000000000e+00,0.000000000000000000e+00,0.000000000000000000e+00,1.329239276362149105e-05,0.000000000000000000e+00,0.000000000000000000e+00,9.019607843137253389e-02,1.000000000000000000e+00,2.325581395348836830e-02,0.000000000000000000e+00,7.982438635002652564e-06,2.533783783783784670e-05,0.000000000000000000e+00,0.000000000000000000e+00,0.000000000000000000e+00,0.000000000000000000e+00,0.000000000000000000e+00
5.019685039370078844e-02,0.000000000000000000e+00,1.000000000000000000e+00,8.888888888888889506e-01,2.519799564297953826e-04,1.286985807072407902e-02,0.000000000000000000e+00,0.000000000000000000e+00,9.996001599360216587e-05,0.000000000000000000e+00,0.000000000000000000e+00,0.000000000000000000e+00,0.000000000000000000e+00,0.000000000000000000e+00,1.329239276362149105e-05,0.000000000000000000e+00,0.000000000000000000e+00,8.156862745098040213e-01,7.058823529411765996e-02,2.093023255813956235e-03,2.000000000000000389e-02,0.000000000000000000e+00,0.000000000000000000e+00,0.000000000000000000e+00,0.000000000000000000e+00,0.000000000000000000e+00,0.000000000000000000e+00,0.000000000000000000e+00
2.263779527559055260e-02,0.000000000000000000e+00,2.500000000000000000e-01,8.888888888888889506e-01,1.303187478099843003e-04,1.286985807072407902e-02,5.000000000000000000e+00,7.910140800506249145e-04,9.996001599360216587e-05,0.000000000000000000e+00,0.000000000000000000e+00,0.000000000000000000e+00,0.000000000000000000e+00,0.000000000000000000e+00,1.329239276362149105e-05,0.000000000000000000e+00,0.000000000000000000e+00,1.000000000000000000e+00,3.058823529411764941e-01,7.209302325581394208e-03,2.000000000000000389e-02,0.000000000000000000e+00,0.000000000000000000e+00,0.000000000000000000e+00,0.000000000000000000e+00,6.666666666666523499e-06,0.000000000000000000e+00,0.000000000000000000e+00
0.000000000000000000e+00,0.000000000000000000e+00,3.392857142857142461e-01,8.888888888888889506e-01,1.093583897706166397e-04,1.286985807072407902e-02,0.000000000000000000e+00,0.000000000000000000e+00,7.996801279488214469e-04,2.961082910321488626e-03,0.000000000000000000e+00,0.000000000000000000e+00,0.000000000000000000e+00,0.000000000000000000e+00,1.329239276362149105e-05,0.000000000000000000e+00,0.000000000000000000e+00,8.235294117647058432e-01,1.000000000000000000e+00,2.325581395348836830e-02,0.000000000000000000e+00,0.000000000000000000e+00,8.445945945945844432e-06,0.000000000000000000e+00,0.000000000000000000e+00,0.000000000000000000e+00,0.000000000000000000e+00,0.000000000000000000e+00
0.000000000000000000e+00,0.000000000000000000e+00,3.392857142857142461e-01,8.888888888888889506e-01,1.161932891312801331e-04,1.286985807072407902e-02,0.000000000000000000e+00,0.000000000000000000e+00,1.999200319872063917e-04,4.230118443316407289e-04,0.000000000000000000e+00,0.000000000000000000e+00,0.000000000000000000e+00,0.000000000000000000e+00,1.329239276362149105e-05,0.000000000000000000e+00,0.000000000000000000e+00,6.274509803921571316e-02,7.686274509803922017e-01,2.325581395348836830e-02,0.000000000000000000e+00,1.197365795250460141e-05,1.689189189189200057e-05,0.000000000000000000e+00,1.267427122940427322e-05,0.000000000000000000e+00,0.000000000000000000e+00,0.000000000000000000e+00
0.000000000000000000e+00,1.000000000000000021e-02,8.035714285714284921e-01,8.888888888888889506e-01,4.784429552464527369e-05,1.286985807072407902e-02,0.000000000000000000e+00,0.000000000000000000e+00,9.996001599360216587e-05,0.000000000000000000e+00,0.000000000000000000e+00,0.000000000000000000e+00,0.000000000000000000e+00,0.000000000000000000e+00,1.329239276362149105e-05,0.000000000000000000e+00,0.000000000000000000e+00,1.000000000000000000e+00,9.921568627450979561e-01,2.302325581395348389e-02,1.000000000000000194e-02,0.000000000000000000e+00,0.000000000000000000e+00,0.000000000000000000e+00,0.000000000000000000e+00,0.000000000000000000e+00,0.000000000000000000e+00,0.000000000000000000e+00
0.000000000000000000e+00,0.000000000000000000e+00,3.392857142857142461e-01,8.888888888888889506e-01,9.523293109191157801e-05,1.286985807072407902e-02,0.000000000000000000e+00,0.000000000000000000e+00,5.997600959616150281e-04,2.115059221658205542e-03,0.000000000000000000e+00,0.000000000000000000e+00,0.000000000000000000e+00,0.000000000000000000e+00,1.329239276362149105e-05,0.000000000000000000e+00,0.000000000000000000e+00,1.000000000000000000e+00,1.000000000000000000e+00,2.325581395348836830e-02,0.000000000000000000e+00,0.000000000000000000e+00,0.000000000000000000e+00,0.000000000000000000e+00,0.000000000000000000e+00,0.000000000000000000e+00,0.000000000000000000e+00,0.000000000000000000e+00
0.000000000000000000e+00,0.000000000000000000e+00,3.392857142857142461e-01,8.888888888888889506e-01,1.166489490886573406e-04,1.286985807072407902e-02,0.000000000000000000e+00,0.000000000000000000e+00,9.996001599360216587e-05,4.230118443316407289e-04,0.000000000000000000e+00,0.000000000000000000e+00,0.000000000000000000e+00,0.000000000000000000e+00,1.329239276362149105e-05,0.000000000000000000e+00,1.773678609435963332e-04,1.000000000000000000e+00,1.000000000000000000e+00,2.325581395348836830e-02,0.000000000000000000e+00,0.000000000000000000e+00,0.000000000000000000e+00,0.000000000000000000e+00,0.000000000000000000e+00,0.000000000000000000e+00,0.000000000000000000e+00,0.000000000000000000e+00
0.000000000000000000e+00,1.000000000000000021e-02,8.035714285714284921e-01,8.888888888888889506e-01,4.784429552464527369e-05,1.286985807072407902e-02,0.000000000000000000e+00,0.000000000000000000e+00,9.996001599360216587e-05,0.000000000000000000e+00,0.000000000000000000e+00,0.000000000000000000e+00,0.000000000000000000e+00,0.000000000000000000e+00,1.329239276362149105e-05,0.000000000000000000e+00,0.000000000000000000e+00,1.000000000000000000e+00,9.921568627450979561e-01,2.302325581395348389e-02,1.000000000000000194e-02,1.995609658750818995e-06,0.000000000000000000e+00,0.000000000000000000e+00,0.000000000000000000e+00,0.000000000000000000e+00,0.000000000000000000e+00,-4.000000000000000000e+00
0.000000000000000000e+00,0.000000000000000000e+00,3.392857142857142461e-01,8.888888888888889506e-01,1.444442064886893755e-04,1.286985807072407902e-02,0.000000000000000000e+00,0.000000000000000000e+00,6.997201119552171533e-04,2.961082910321488626e-03,0.000000000000000000e+00,0.000000000000000000e+00,0.000000000000000000e+00,0.000000000000000000e+00,1.329239276362149105e-05,0.000000000000000000e+00,4.434196523590102132e-05,1.000000000000000000e+00,1.000000000000000000e+00,2.325581395348836830e-02,0.000000000000000000e+00,0.000000000000000000e+00,0.000000000000000000e+00,0.000000000000000000e+00,0.000000000000000000e+00,0.000000000000000000e+00,0.000000000000000000e+00,0.000000000000000000e+00
0.000000000000000000e+00,0.000000000000000000e+00,3.392857142857142461e-01,8.888888888888889506e-01,1.467225062755772157e-04,1.286985807072407902e-02,0.000000000000000000e+00,0.000000000000000000e+00,1.699320271891242851e-03,7.191201353637901444e-03,0.000000000000000000e+00,0.000000000000000000e+00,0.000000000000000000e+00,0.000000000000000000e+00,1.329239276362149105e-05,0.000000000000000000e+00,1.951046470379686423e-05,1.000000000000000000e+00,1.000000000000000000e+00,2.325581395348836830e-02,0.000000000000000000e+00,0.000000000000000000e+00,0.000000000000000000e+00,0.000000000000000000e+00,0.000000000000000000e+00,0.000000000000000000e+00,0.000000000000000000e+00,0.000000000000000000e+00
0.000000000000000000e+00,0.000000000000000000e+00,3.392857142857142461e-01,8.888888888888889506e-01,9.386595121977906093e-05,1.286985807072407902e-02,0.000000000000000000e+00,0.000000000000000000e+00,9.996001599360216587e-05,4.230118443316407289e-04,0.000000000000000000e+00,0.000000000000000000e+00,0.000000000000000000e+00,0.000000000000000000e+00,1.329239276362149105e-05,0.000000000000000000e+00,1.773678609435963332e-04,7.843137254901984962e-03,1.000000000000000000e+00,2.325581395348836830e-02,0.000000000000000000e+00,9.978048293753751842e-05,8.445945945945844432e-06,0.000000000000000000e+00,0.000000000000000000e+00,0.000000000000000000e+00,0.000000000000000000e+00,0.000000000000000000e+00
0.000000000000000000e+00,0.000000000000000000e+00,3.392857142857142461e-01,8.888888888888889506e-01,7.655087283943173046e-05,1.286985807072407902e-02,0.000000000000000000e+00,0.000000000000000000e+00,9.996001599360216587e-05,0.000000000000000000e+00,0.000000000000000000e+00,0.000000000000000000e+00,0.000000000000000000e+00,0.000000000000000000e+00,1.329239276362149105e-05,0.000000000000000000e+00,0.000000000000000000e+00,2.745098039215682420e-02,1.000000000000000000e+00,2.325581395348836830e-02,0.000000000000000000e+00,2.793853522251052996e-05,8.445945945945844432e-06,0.000000000000000000e+00,0.000000000000000000e+00,0.000000000000000000e+00,0.000000000000000000e+00,0.000000000000000000e+00
0.000000000000000000e+00,0.000000000000000000e+00,3.392857142857142461e-01,8.888888888888889506e-01,6.743767369188042400e-05,1.286985807072407902e-02,0.000000000000000000e+00,0.000000000000000000e+00,9.996001599360216587e-05,4.230118443316411951e-03,0.000000000000000000e+00,0.000000000000000000e+00,0.000000000000000000e+00,0.000000000000000000e+00,1.329239276362149105e-05,0.000000000000000000e+00,3.192621496984894108e-05,1.000000000000000000e+00,1.000000000000000000e+00,2.325581395348836830e-02,0.000000000000000000e+00,0.000000000000000000e+00,0.000000000000000000e+00,0.000000000000000000e+00,0.000000000000000000e+00,0.000000000000000000e+00,0.000000000000000000e+00,0.000000000000000000e+00
0.000000000000000000e+00,0.000000000000000000e+00,3.392857142857142461e-01,8.888888888888889506e-01,9.933387070831002370e-05,1.286985807072407902e-02,0.000000000000000000e+00,0.000000000000000000e+00,1.099560175929627931e-03,8.460236886632825637e-03,0.000000000000000000e+00,0.000000000000000000e+00,0.000000000000000000e+00,0.000000000000000000e+00,1.329239276362149105e-05,0.000000000000000000e+00,1.773678609435937312e-05,1.000000000000000000e+00,1.000000000000000000e+00,2.325581395348836830e-02,0.000000000000000000e+00,0.000000000000000000e+00,0.000000000000000000e+00,0.000000000000000000e+00,0.000000000000000000e+00,0.000000000000000000e+00,0.000000000000000000e+00,0.000000000000000000e+00
0.000000000000000000e+00,0.000000000000000000e+00,3.392857142857142461e-01,8.888888888888889506e-01,1.066244300263515920e-04,1.286985807072407902e-02,0.000000000000000000e+00,0.000000000000000000e+00,1.999200319872051611e-03,1.226734348561759821e-02,0.000000000000000000e+00,0.000000000000000000e+00,0.000000000000000000e+00,0.000000000000000000e+00,1.329239276362149105e-05,0.000000000000000000e+00,1.241575026605208024e-05,1.000000000000000000e+00,1.000000000000000000e+00,2.325581395348836830e-02,0.000000000000000000e+00,0.000000000000000000e+00,0.000000000000000000e+00,0.000000000000000000e+00,0.000000000000000000e+00,0.000000000000000000e+00,0.000000000000000000e+00,0.000000000000000000e+00
0.000000000000000000e+00,0.000000000000000000e+00,8.928571428571427937e-01,8.888888888888889506e-01,3.426562879479313345e-04,1.286985807072407902e-02,0.000000000000000000e+00,0.000000000000000000e+00,9.996001599360216587e-05,0.000000000000000000e+00,0.000000000000000000e+00,0.000000000000000000e+00,0.000000000000000000e+00,0.000000000000000000e+00,1.329239276362149105e-05,0.000000000000000000e+00,0.000000000000000000e+00,1.000000000000000000e+00,2.509803921568627416e-01,5.813953488372089473e-03,2.000000000000000389e-02,0.000000000000000000e+00,0.000000000000000000e+00,0.000000000000000000e+00,0.000000000000000000e+00,6.666666666666523499e-06,2.958579881656910754e-05,0.000000000000000000e+00
0.000000000000000000e+00,0.000000000000000000e+00,3.392857142857142461e-01,8.888888888888889506e-01,1.007008505804425408e-04,1.286985807072407902e-02,0.000000000000000000e+00,0.000000000000000000e+00,1.999200319872063917e-04,4.230118443316407289e-04,0.000000000000000000e+00,0.000000000000000000e+00,0.000000000000000000e+00,0.000000000000000000e+00,1.329239276362149105e-05,0.000000000000000000e+00,0.000000000000000000e+00,1.000000000000000000e+00,1.000000000000000000e+00,2.325581395348836830e-02,0.000000000000000000e+00,0.000000000000000000e+00,0.000000000000000000e+00,0.000000000000000000e+00,0.000000000000000000e+00,0.000000000000000000e+00,0.000000000000000000e+00,0.000000000000000000e+00
0.000000000000000000e+00,0.000000000000000000e+00,3.392857142857142461e-01,8.888888888888889506e-01,1.011565105378206292e-04,1.286985807072407902e-02,0.000000000000000000e+00,0.000000000000000000e+00,1.199520191923230056e-03,4.653130287648053059e-03,0.000000000000000000e+00,0.000000000000000000e+00,0.000000000000000000e+00,0.000000000000000000e+00,1.329239276362149105e-05,0.000000000000000000e+00,0.000000000000000000e+00,1.000000000000000000e+00,1.000000000000000000e+00,2.325581395348836830e-02,0.000000000000000000e+00,0.000000000000000000e+00,0.000000000000000000e+00,0.000000000000000000e+00,0.000000000000000000e+00,0.000000000000000000e+00,0.000000000000000000e+00,0.000000000000000000e+00
0.000000000000000000e+00,0.000000000000000000e+00,3.392857142857142461e-01,8.888888888888889506e-01,6.652635377712511446e-05,1.286985807072407902e-02,0.000000000000000000e+00,0.000000000000000000e+00,1.999200319872063917e-04,4.230118443316407289e-04,0.000000000000000000e+00,0.000000000000000000e+00,0.000000000000000000e+00,0.000000000000000000e+00,1.329239276362149105e-05,0.000000000000000000e+00,0.000000000000000000e+00,3.529411764705880916e-02,1.000000000000000000e+00,2.325581395348836830e-02,0.000000000000000000e+00,2.195170624625807340e-05,8.445945945945844432e-06,0.000000000000000000e+00,0.000000000000000000e+00,0.000000000000000000e+00,0.000000000000000000e+00,0.000000000000000000e+00
0.000000000000000000e+00,1.000000000000000021e-02,8.035714285714284921e-01,8.888888888888889506e-01,4.784429552464527369e-05,1.286985807072407902e-02,0.000000000000000000e+00,0.000000000000000000e+00,9.996001599360216587e-05,0.000000000000000000e+00,0.000000000000000000e+00,0.000000000000000000e+00,0.000000000000000000e+00,0.000000000000000000e+00,1.329239276362149105e-05,0.000000000000000000e+00,0.000000000000000000e+00,1.000000000000000000e+00,9.921568627450979561e-01,2.302325581395348389e-02,1.000000000000000194e-02,1.995609658750818995e-06,0.000000000000000000e+00,0.000000000000000000e+00,0.000000000000000000e+00,0.000000000000000000e+00,0.000000000000000000e+00,0.000000000000000000e+00
0.000000000000000000e+00,0.000000000000000000e+00,3.392857142857142461e-01,8.888888888888889506e-01,1.148263092591476025e-04,1.286985807072407902e-02,0.000000000000000000e+00,0.000000000000000000e+00,7.996801279488214469e-04,2.961082910321488626e-03,0.000000000000000000e+00,0.000000000000000000e+00,0.000000000000000000e+00,0.000000000000000000e+00,1.329239276362149105e-05,0.000000000000000000e+00,0.000000000000000000e+00,1.176470588235294518e-01,8.235294117647058432e-01,2.325581395348836830e-02,0.000000000000000000e+00,5.986828976252144853e-06,1.689189189189200057e-05,0.000000000000000000e+00,0.000000000000000000e+00,0.000000000000000000e+00,0.000000000000000000e+00,0.000000000000000000e+00
0.000000000000000000e+00,0.000000000000000000e+00,3.392857142857142461e-01,8.888888888888889506e-01,1.134593293870150854e-04,1.286985807072407902e-02,0.000000000000000000e+00,0.000000000000000000e+00,9.996001599360216587e-05,0.000000000000000000e+00,0.000000000000000000e+00,0.000000000000000000e+00,0.000000000000000000e+00,0.000000000000000000e+00,1.329239276362149105e-05,0.000000000000000000e+00,0.000000000000000000e+00,1.411764705882353199e-01,8.470588235294117530e-01,2.325581395348836830e-02,0.000000000000000000e+00,5.986828976252144853e-06,1.689189189189200057e-05,0.000000000000000000e+00,0.000000000000000000e+00,0.000000000000000000e+00,0.000000000000000000e+00,0.000000000000000000e+00
0.000000000000000000e+00,0.000000000000000000e+00,3.392857142857142461e-01,8.888888888888889506e-01,1.157376291739029120e-04,1.286985807072407902e-02,0.000000000000000000e+00,0.000000000000000000e+00,1.099560175929627931e-03,4.230118443316411951e-03,0.000000000000000000e+00,0.000000000000000000e+00,0.000000000000000000e+00,0.000000000000000000e+00,1.329239276362149105e-05,0.000000000000000000e+00,0.000000000000000000e+00,1.803921568627450678e-01,8.862745098039215286e-01,2.325581395348836830e-02,0.000000000000000000e+00,3.991219317501326282e-06,1.689189189189200057e-05,0.000000000000000000e+00,0.000000000000000000e+00,0.000000000000000000e+00,0.000000000000000000e+00,0.000000000000000000e+00
0.000000000000000000e+00,0.000000000000000000e+00,3.392857142857142461e-01,8.888888888888889506e-01,1.357866672985152902e-04,1.286985807072407902e-02,0.000000000000000000e+00,0.000000000000000000e+00,3.998400639744107234e-04,1.692047377326564650e-03,0.000000000000000000e+00,0.000000000000000000e+00,0.000000000000000000e+00,0.000000000000000000e+00,1.329239276362149105e-05,0.000000000000000000e+00,7.094714437744008100e-05,3.098039215686274606e-01,1.000000000000000000e+00,2.325581395348836830e-02,0.000000000000000000e+00,1.995609658750818995e-06,1.266891891891892335e-05,0.000000000000000000e+00,0.000000000000000000e+00,0.000000000000000000e+00,0.000000000000000000e+00,0.000000000000000000e+00
0.000000000000000000e+00,0.000000000000000000e+00,3.392857142857142461e-01,8.888888888888889506e-01,1.403432668722909434e-04,1.286985807072407902e-02,0.000000000000000000e+00,0.000000000000000000e+00,1.399440223910436475e-03,5.922165820642977252e-03,0.000000000000000000e+00,0.000000000000000000e+00,0.000000000000000000e+00,0.000000000000000000e+00,1.329239276362149105e-05,0.000000000000000000e+00,2.305782192266666938e-05,3.490196078431372362e-01,1.000000000000000000e+00,2.325581395348836830e-02,0.000000000000000000e+00,1.995609658750818995e-06,1.266891891891892335e-05,0.000000000000000000e+00,0.000000000000000000e+00,0.000000000000000000e+00,0.000000000000000000e+00,0.000000000000000000e+00
0.000000000000000000e+00,0.000000000000000000e+00,3.392857142857142461e-01,8.888888888888889506e-01,1.403432668722909434e-04,1.286985807072407902e-02,0.000000000000000000e+00,0.000000000000000000e+00,1.999200319872051611e-03,1.015228426395939007e-02,0.000000000000000000e+00,0.000000000000000000e+00,0.000000000000000000e+00,0.000000000000000000e+00,1.329239276362149105e-05,0.000000000000000000e+00,1.418942887548698282e-05,3.725490196078432015e-01,1.000000000000000000e+00,2.325581395348836830e-02,0.000000000000000000e+00,1.995609658750818995e-06,1.266891891891892335e-05,0.000000000000000000e+00,0.000000000000000000e+00,0.000000000000000000e+00,0.000000000000000000e+00,0.000000000000000000e+00
0.000000000000000000e+00,0.000000000000000000e+00,3.392857142857142461e-01,8.888888888888889506e-01,9.933387070831002370e-05,1.286985807072407902e-02,0.000000000000000000e+00,0.000000000000000000e+00,9.996001599360258057e-04,1.438240270727580289e-02,0.000000000000000000e+00,0.000000000000000000e+00,0.000000000000000000e+00,0.000000000000000000e+00,1.329239276362149105e-05,0.000000000000000000e+00,1.064207165661717597e-05,1.000000000000000000e+00,1.000000000000000000e+00,2.325581395348836830e-02,0.000000000000000000e+00,0.000000000000000000e+00,0.000000000000000000e+00,0.000000000000000000e+00,0.000000000000000000e+00,0.000000000000000000e+00,0.000000000000000000e+00,0.000000000000000000e+00
0.000000000000000000e+00,0.000000000000000000e+00,3.392857142857142461e-01,8.888888888888889506e-01,9.887821075093280261e-05,1.286985807072407902e-02,0.000000000000000000e+00,0.000000000000000000e+00,1.999200319872051611e-03,1.861252115059221224e-02,0.000000000000000000e+00,0.000000000000000000e+00,0.000000000000000000e+00,0.000000000000000000e+00,1.329239276362149105e-05,0.000000000000000000e+00,7.094714437744784829e-06,1.000000000000000000e+00,1.000000000000000000e+00,2.325581395348836830e-02,0.000000000000000000e+00,0.000000000000000000e+00,0.000000000000000000e+00,0.000000000000000000e+00,0.000000000000000000e+00,0.000000000000000000e+00,0.000000000000000000e+00,0.000000000000000000e+00
0.000000000000000000e+00,0.000000000000000000e+00,3.392857142857142461e-01,8.888888888888889506e-01,6.880465356401294108e-05,1.286985807072407902e-02,0.000000000000000000e+00,0.000000000000000000e+00,9.996001599360216587e-05,1.565143824027072708e-02,0.000000000000000000e+00,0.000000000000000000e+00,0.000000000000000000e+00,0.000000000000000000e+00,1.329239276362149105e-05,0.000000000000000000e+00,1.418942887548698282e-05,1.960784313725492251e-02,5.294117647058823595e-01,2.325581395348836830e-02,0.000000000000000000e+00,3.991219317501481628e-05,1.266891891891892335e-05,0.000000000000000000e+00,0.000000000000000000e+00,0.000000000000000000e+00,0.000000000000000000e+00,0.000000000000000000e+00
0.000000000000000000e+00,0.000000000000000000e+00,3.392857142857142461e-01,8.888888888888889506e-01,9.022067156075870369e-05,1.286985807072407902e-02,0.000000000000000000e+00,0.000000000000000000e+00,4.998000799680129029e-04,1.692047377326564650e-03,0.000000000000000000e+00,0.000000000000000000e+00,0.000000000000000000e+00,0.000000000000000000e+00,1.329239276362149105e-05,0.000000000000000000e+00,0.000000000000000000e+00,1.215686274509803905e-01,6.627450980392157742e-01,2.325581395348836830e-02,0.000000000000000000e+00,5.986828976252144853e-06,1.266891891891892335e-05,0.000000000000000000e+00,0.000000000000000000e+00,0.000000000000000000e+00,0.000000000000000000e+00,0.000000000000000000e+00
0.000000000000000000e+00,0.000000000000000000e+00,3.392857142857142461e-01,8.888888888888889506e-01,9.933387070831002370e-05,1.286985807072407902e-02,0.000000000000000000e+00,0.000000000000000000e+00,9.996001599360216587e-05,0.000000000000000000e+00,0.000000000000000000e+00,0.000000000000000000e+00,0.000000000000000000e+00,0.000000000000000000e+00,1.329239276362149105e-05,0.000000000000000000e+00,0.000000000000000000e+00,8.352941176470588536e-01,1.000000000000000000e+00,2.325581395348836830e-02,0.000000000000000000e+00,0.000000000000000000e+00,8.445945945945844432e-06,0.000000000000000000e+00,0.000000000000000000e+00,0.000000000000000000e+00,0.000000000000000000e+00,0.000000000000000000e+00
0.000000000000000000e+00,1.000000000000000021e-02,8.035714285714284921e-01,8.888888888888889506e-01,4.784429552464527369e-05,1.286985807072407902e-02,0.000000000000000000e+00,0.000000000000000000e+00,9.996001599360216587e-05,0.000000000000000000e+00,0.000000000000000000e+00,0.000000000000000000e+00,0.000000000000000000e+00,0.000000000000000000e+00,1.329239276362149105e-05,0.000000000000000000e+00,0.000000000000000000e+00,1.000000000000000000e+00,9.921568627450979561e-01,2.302325581395348389e-02,1.000000000000000194e-02,0.000000000000000000e+00,0.000000000000000000e+00,0.000000000000000000e+00,0.000000000000000000e+00,0.000000000000000000e+00,0.000000000000000000e+00,0.000000000000000000e+00
0.000000000000000000e+00,0.000000000000000000e+00,3.392857142857142461e-01,8.888888888888889506e-01,1.485451461050878077e-04,1.286985807072407902e-02,0.000000000000000000e+00,0.000000000000000000e+00,9.996001599360258057e-04,3.807106598984771276e-03,0.000000000000000000e+00,0.000000000000000000e+00,0.000000000000000000e+00,0.000000000000000000e+00,1.329239276362149105e-05,0.000000000000000000e+00,0.000000000000000000e+00,1.000000000000000000e+00,1.000000000000000000e+00,2.325581395348836830e-02,0.000000000000000000e+00,0.000000000000000000e+00,0.000000000000000000e+00,0.000000000000000000e+00,0.000000000000000000e+00,0.000000000000000000e+00,0.000000000000000000e+00,0.000000000000000000e+00
0.000000000000000000e+00,0.000000000000000000e+00,3.392857142857142461e-01,8.888888888888889506e-01,1.193829088329232557e-04,1.286985807072407902e-02,0.000000000000000000e+00,0.000000000000000000e+00,4.998000799680129029e-04,1.692047377326564650e-03,0.000000000000000000e+00,0.000000000000000000e+00,0.000000000000000000e+00,0.000000000000000000e+00,1.329239276362149105e-05,0.000000000000000000e+00,0.000000000000000000e+00,2.078431372549019995e-01,9.137254901960785158e-01,2.325581395348836830e-02,0.000000000000000000e+00,3.991219317501326282e-06,1.266891891891892335e-05,0.000000000000000000e+00,0.000000000000000000e+00,0.000000000000000000e+00,0.000000000000000000e+00,0.000000000000000000e+00
0.000000000000000000e+00,0.000000000000000000e+00,3.392857142857142461e-01,8.888888888888889506e-01,9.568859104928966646e-05,1.286985807072407902e-02,0.000000000000000000e+00,0.000000000000000000e+00,1.999200319872063917e-04,5.922165820642977252e-03,0.000000000000000000e+00,0.000000000000000000e+00,0.000000000000000000e+00,0.000000000000000000e+00,1.329239276362149105e-05,0.000000000000000000e+00,2.305782192266666938e-05,1.490196078431373083e-01,6.901960784313725394e-01,2.325581395348836830e-02,0.000000000000000000e+00,5.986828976252144853e-06,1.266891891891892335e-05,0.000000000000000000e+00,0.000000000000000000e+00,0.000000000000000000e+00,0.000000000000000000e+00,0.000000000000000000e+00
0.000000000000000000e+00,0.000000000000000000e+00,3.392857142857142461e-01,8.888888888888889506e-01,1.166489490886573406e-04,1.286985807072407902e-02,0.000000000000000000e+00,0.000000000000000000e+00,5.997600959616150281e-04,2.961082910321488626e-03,0.000000000000000000e+00,0.000000000000000000e+00,0.000000000000000000e+00,0.000000000000000000e+00,1.329239276362149105e-05,0.000000000000000000e+00,6.739978715856769409e-05,2.627450980392156965e-01,9.686274509803921573e-01,2.325581395348836830e-02,0.000000000000000000e+00,1.995609658750818995e-06,1.266891891891892335e-05,0.000000000000000000e+00,0.000000000000000000e+00,0.000000000000000000e+00,0.000000000000000000e+00,0.000000000000000000e+00
0.000000000000000000e+00,0.000000000000000000e+00,3.392857142857142461e-01,8.888888888888889506e-01,1.467225062755772157e-04,1.286985807072407902e-02,0.000000000000000000e+00,0.000000000000000000e+00,6.997201119552171533e-04,7.191201353637901444e-03,0.000000000000000000e+00,0.000000000000000000e+00,0.000000000000000000e+00,0.000000000000000000e+00,1.329239276362149105e-05,0.000000000000000000e+00,3.015253636041145336e-05,2.549019607843137081e-01,1.000000000000000000e+00,2.325581395348836830e-02,0.000000000000000000e+00,3.991219317501326282e-06,8.445945945945844432e-06,0.000000000000000000e+00,0.000000000000000000e+00,0.000000000000000000e+00,0.000000000000000000e+00,0.000000000000000000e+00
0.000000000000000000e+00,0.000000000000000000e+00,3.392857142857142461e-01,8.888888888888889506e-01,9.249897134764653030e-05,1.286985807072407902e-02,0.000000000000000000e+00,0.000000000000000000e+00,9.996001599360216587e-05,1.142131979695431426e-02,0.000000000000000000e+00,0.000000000000000000e+00,0.000000000000000000e+00,0.000000000000000000e+00,1.329239276362149105e-05,0.000000000000000000e+00,2.483150053210416049e-05,6.274509803921571316e-02,1.000000000000000000e+00,2.325581395348836830e-02,0.000000000000000000e+00,1.197365795250460141e-05,1.266891891891892335e-05,0.000000000000000000e+00,0.000000000000000000e+00,0.000000000000000000e+00,0.000000000000000000e+00,0.000000000000000000e+00
0.000000000000000000e+00,0.000000000000000000e+00,3.392857142857142461e-01,8.888888888888889506e-01,8.976501160338149616e-05,1.286985807072407902e-02,0.000000000000000000e+00,0.000000000000000000e+00,9.996001599360258057e-04,1.565143824027072708e-02,0.000000000000000000e+00,0.000000000000000000e+00,0.000000000000000000e+00,0.000000000000000000e+00,1.329239276362149105e-05,0.000000000000000000e+00,2.305782192266666938e-05,9.803921568627452232e-02,1.000000000000000000e+00,2.325581395348836830e-02,0.000000000000000000e+00,7.982438635002652564e-06,1.266891891891892335e-05,0.000000000000000000e+00,0.000000000000000000e+00,0.000000000000000000e+00,0.000000000000000000e+00,0.000000000000000000e+00
0.000000000000000000e+00,1.000000000000000021e-02,8.035714285714284921e-01,8.888888888888889506e-01,4.784429552464527369e-05,1.286985807072407902e-02,0.000000000000000000e+00,0.000000000000000000e+00,9.996001599360216587e-05,0.000000000000000000e+00,0.000000000000000000e+00,0.000000000000000000e+00,0.000000000000000000e+00,0.000000000000000000e+00,1.329239276362149105e-05,0.000000000000000000e+00,0.000000000000000000e+00,1.000000000000000000e+00,9.921568627450979561e-01,2.302325581395348389e-02,1.000000000000000194e-02,0.000000000000000000e+00,0.000000000000000000e+00,0.000000000000000000e+00,0.000000000000000000e+00,0.000000000000000000e+00,0.000000000000000000e+00,-4.000000000000000000e+00
0.000000000000000000e+00,0.000000000000000000e+00,3.392857142857142461e-01,8.888888888888889506e-01,1.535574056362406820e-04,1.286985807072407902e-02,0.000000000000000000e+00,0.000000000000000000e+00,3.998400639744107234e-04,1.269035532994923108e-03,0.000000000000000000e+00,0.000000000000000000e+00,0.000000000000000000e+00,0.000000000000000000e+00,1.329239276362149105e-05,0.000000000000000000e+00,0.000000000000000000e+00,1.372549019607842702e-01,1.000000000000000000e+00,2.325581395348836830e-02,0.000000000000000000e+00,5.986828976252144853e-06,2.533783783783784670e-05,0.000000000000000000e+00,0.000000000000000000e+00,0.000000000000000000e+00,0.000000000000000000e+00,0.000000000000000000e+00
0.000000000000000000e+00,0.000000000000000000e+00,3.392857142857142461e-01,8.888888888888889506e-01,1.521904257641081785e-04,1.286985807072407902e-02,0.000000000000000000e+00,0.000000000000000000e+00,1.399440223910436475e-03,5.499153976311337011e-03,0.000000000000000000e+00,0.000000000000000000e+00,0.000000000000000000e+00,0.000000000000000000e+00,1.329239276362149105e-05,0.000000000000000000e+00,0.000000000000000000e+00,1.764705882352941291e-01,1.000000000000000000e+00,2.325581395348836830e-02,0.000000000000000000e+00,3.991219317501326282e-06,2.533783783783784670e-05,0.000000000000000000e+00,0.000000000000000000e+00,0.000000000000000000e+00,0.000000000000000000e+00,0.000000000000000000e+00
0.000000000000000000e+00,0.000000000000000000e+00,3.392857142857142461e-01,8.888888888888889506e-01,1.139149893443922929e-04,1.286985807072407902e-02,0.000000000000000000e+00,0.000000000000000000e+00,2.998800479808085440e-04,8.460236886632814578e-04,0.000000000000000000e+00,0.000000000000000000e+00,0.000000000000000000e+00,0.000000000000000000e+00,1.329239276362149105e-05,0.000000000000000000e+00,0.000000000000000000e+00,3.019607843137254721e-01,1.000000000000000000e+00,2.325581395348836830e-02,0.000000000000000000e+00,1.995609658750818995e-06,1.266891891891892335e-05,0.000000000000000000e+00,0.000000000000000000e+00,0.000000000000000000e+00,0.000000000000000000e+00,0.000000000000000000e+00
0.000000000000000000e+00,0.000000000000000000e+00,3.392857142857142461e-01,8.888888888888889506e-01,1.448998664460665966e-04,1.286985807072407902e-02,0.000000000000000000e+00,0.000000000000000000e+00,2.998800479808085440e-04,4.230118443316411951e-03,0.000000000000000000e+00,0.000000000000000000e+00,0.000000000000000000e+00,0.000000000000000000e+00,1.329239276362149105e-05,0.000000000000000000e+00,3.192621496984894108e-05,1.000000000000000000e+00,1.000000000000000000e+00,2.325581395348836830e-02,0.000000000000000000e+00,0.000000000000000000e+00,0.000000000000000000e+00,0.000000000000000000e+00,0.000000000000000000e+00,0.000000000000000000e+00,0.000000000000000000e+00,0.000000000000000000e+00
0.000000000000000000e+00,0.000000000000000000e+00,3.392857142857142461e-01,8.888888888888889506e-01,1.458111863608219062e-04,1.286985807072407902e-02,0.000000000000000000e+00,0.000000000000000000e+00,1.199520191923230056e-03,8.460236886632825637e-03,0.000000000000000000e+00,0.000000000000000000e+00,0.000000000000000000e+00,0.000000000000000000e+00,1.329239276362149105e-05,0.000000000000000000e+00,1.773678609435937312e-05,1.000000000000000000e+00,1.000000000000000000e+00,2.325581395348836830e-02,0.000000000000000000e+00,0.000000000000000000e+00,0.000000000000000000e+00,0.000000000000000000e+00,0.000000000000000000e+00,0.000000000000000000e+00,0.000000000000000000e+00,0.000000000000000000e+00
0.000000000000000000e+00,0.000000000000000000e+00,3.392857142857142461e-01,8.888888888888889506e-01,1.444442064886893755e-04,1.286985807072407902e-02,0.000000000000000000e+00,0.000000000000000000e+00,1.999200319872063917e-04,4.230118443316407289e-04,0.000000000000000000e+00,0.000000000000000000e+00,0.000000000000000000e+00,0.000000000000000000e+00,1.329239276362149105e-05,0.000000000000000000e+00,0.000000000000000000e+00,7.843137254901984962e-03,1.000000000000000000e+00,2.325581395348836830e-02,0.000000000000000000e+00,9.978048293753751842e-05,8.445945945945844432e-06,0.000000000000000000e+00,0.000000000000000000e+00,0.000000000000000000e+00,0.000000000000000000e+00,0.000000000000000000e+00
0.000000000000000000e+00,0.000000000000000000e+00,3.392857142857142461e-01,8.888888888888889506e-01,1.480894861477097192e-04,1.286985807072407902e-02,0.000000000000000000e+00,0.000000000000000000e+00,9.996001599360258057e-04,4.230118443316411951e-03,0.000000000000000000e+00,2.124645892351273695e-05,0.000000000000000000e+00,0.000000000000000000e+00,1.329239276362149105e-05,0.000000000000000000e+00,3.192621496984894108e-05,3.921568627450984501e-02,1.000000000000000000e+00,2.325581395348836830e-02,0.000000000000000000e+00,1.995609658750725228e-05,8.445945945945844432e-06,0.000000000000000000e+00,0.000000000000000000e+00,0.000000000000000000e+00,0.000000000000000000e+00,0.000000000000000000e+00
0.000000000000000000e+00,0.000000000000000000e+00,3.392857142857142461e-01,8.888888888888889506e-01,1.038904702820856769e-04,1.286985807072407902e-02,0.000000000000000000e+00,0.000000000000000000e+00,2.998800479808085440e-04,8.460236886632825637e-03,5.808836472452021517e-05,1.180358829084065016e-05,0.000000000000000000e+00,0.000000000000000000e+00,1.329239276362149105e-05,0.000000000000000000e+00,1.773678609435937312e-05,1.000000000000000000e+00,1.000000000000000000e+00,2.325581395348836830e-02,0.000000000000000000e+00,0.000000000000000000e+00,0.000000000000000000e+00,0.000000000000000000e+00,0.000000000000000000e+00,0.000000000000000000e+00,0.000000000000000000e+00,0.000000000000000000e+00
0.000000000000000000e+00,0.000000000000000000e+00,3.392857142857142461e-01,8.888888888888889506e-01,9.842255079355471416e-05,1.286985807072407902e-02,0.000000000000000000e+00,0.000000000000000000e+00,1.299480207916834350e-03,1.269035532994923846e-02,1.408202781200421198e-05,7.082152974504141748e-06,0.000000000000000000e+00,0.000000000000000000e+00,1.329239276362149105e-05,0.000000000000000000e+00,1.064207165661717597e-05,1.000000000000000000e+00,1.000000000000000000e+00,2.325581395348836830e-02,0.000000000000000000e+00,0.000000000000000000e+00,0.000000000000000000e+00,0.000000000000000000e+00,0.000000000000000000e+00,0.000000000000000000e+00,0.000000000000000000e+00,0.000000000000000000e+00
0.000000000000000000e+00,0.000000000000000000e+00,3.392857142857142461e-01,8.888888888888889506e-01,1.016121704951978503e-04,1.286985807072407902e-02,0.000000000000000000e+00,0.000000000000000000e+00,4.998000799680129029e-04,1.438240270727580289e-02,0.000000000000000000e+00,0.000000000000000000e+00,0.000000000000000000e+00,0.000000000000000000e+00,1.329239276362149105e-05,0.000000000000000000e+00,1.596310748492447054e-05,8.235294117647055934e-02,1.000000000000000000e+00,2.325581395348836830e-02,0.000000000000000000e+00,9.978048293753781996e-06,8.445945945945844432e-06,0.000000000000000000e+00,0.000000000000000000e+00,0.000000000000000000e+00,0.000000000000000000e+00,0.000000000000000000e+00
0.000000000000000000e+00,0.000000000000000000e+00,3.392857142857142461e-01,8.888888888888889506e-01,8.338577220009522385e-05,1.286985807072407902e-02,0.000000000000000000e+00,0.000000000000000000e+00,4.998000799680129029e-04,1.353637901861252067e-02,0.000000000000000000e+00,0.000000000000000000e+00,0.000000000000000000e+00,0.000000000000000000e+00,1.329239276362149105e-05,0.000000000000000000e+00,2.128414331323176680e-05,9.803921568627452232e-02,1.000000000000000000e+00,2.325581395348836830e-02,0.000000000000000000e+00,7.982438635002652564e-06,2.111486486486476778e-05,0.000000000000000000e+00,0.000000000000000000e+00,0.000000000000000000e+00,0.000000000000000000e+00,0.000000000000000000e+00
0.000000000000000000e+00,0.000000000000000000e+00,3.392857142857142461e-01,8.888888888888889506e-01,8.201879232796270677e-05,1.286985807072407902e-02,0.000000000000000000e+00,0.000000000000000000e+00,1.399440223910436475e-03,8.883248730964465878e-03,0.000000000000000000e+00,0.000000000000000000e+00,0.000000000000000000e+00,0.000000000000000000e+00,1.329239276362149105e-05,0.000000000000000000e+00,1.596310748492447054e-05,1.333333333333333315e-01,1.000000000000000000e+00,2.325581395348836830e-02,0.000000000000000000e+00,5.986828976252144853e-06,2.111486486486476778e-05,0.000000000000000000e+00,0.000000000000000000e+00,0.000000000000000000e+00,0.000000000000000000e+00,0.000000000000000000e+00
0.000000000000000000e+00,0.000000000000000000e+00,3.392857142857142461e-01,8.888888888888889506e-01,1.175602690034126502e-04,1.286985807072407902e-02,0.000000000000000000e+00,0.000000000000000000e+00,1.999200319872063917e-04,4.230118443316407289e-04,0.000000000000000000e+00,0.000000000000000000e+00,0.000000000000000000e+00,0.000000000000000000e+00,1.329239276362149105e-05,0.000000000000000000e+00,0.000000000000000000e+00,3.490196078431372362e-01,1.000000000000000000e+00,2.325581395348836830e-02,0.000000000000000000e+00,1.995609658750818995e-06,8.445945945945844432e-06,0.000000000000000000e+00,0.000000000000000000e+00,0.000000000000000000e+00,0.000000000000000000e+00,0.000000000000000000e+00
3.937007874015747109e-03,0.000000000000000000e+00,8.928571428571427937e-01,8.888888888888889506e-01,3.148610305478992725e-04,1.286985807072407902e-02,0.000000000000000000e+00,0.000000000000000000e+00,9.996001599360216587e-05,4.230118443316407289e-04,0.000000000000000000e+00,0.000000000000000000e+00,0.000000000000000000e+00,0.000000000000000000e+00,1.329239276362149105e-05,0.000000000000000000e+00,1.773678609435963332e-04,8.901960784313727171e-01,5.764705882352941790e-01,1.511627906976743992e-02,1.000000000000000194e-02,0.000000000000000000e+00,0.000000000000000000e+00,0.000000000000000000e+00,0.000000000000000000e+00,0.000000000000000000e+00,0.000000000000000000e+00,0.000000000000000000e+00
0.000000000000000000e+00,0.000000000000000000e+00,3.392857142857142461e-01,8.888888888888889506e-01,1.380649670854031032e-04,1.286985807072407902e-02,0.000000000000000000e+00,0.000000000000000000e+00,7.996801279488214469e-04,2.961082910321488626e-03,0.000000000000000000e+00,0.000000000000000000e+00,0.000000000000000000e+00,0.000000000000000000e+00,1.329239276362149105e-05,0.000000000000000000e+00,0.000000000000000000e+00,1.000000000000000000e+00,1.000000000000000000e+00,2.325581395348836830e-02,0.000000000000000000e+00,0.000000000000000000e+00,0.000000000000000000e+00,0.000000000000000000e+00,0.000000000000000000e+00,0.000000000000000000e+00,0.000000000000000000e+00,0.000000000000000000e+00
0.000000000000000000e+00,0.000000000000000000e+00,3.392857142857142461e-01,8.888888888888889506e-01,1.016121704951978503e-04,1.286985807072407902e-02,0.000000000000000000e+00,0.000000000000000000e+00,2.998800479808085440e-04,6.768189509306259469e-03,0.000000000000000000e+00,0.000000000000000000e+00,0.000000000000000000e+00,0.000000000000000000e+00,1.329239276362149105e-05,0.000000000000000000e+00,2.128414331323176680e-05,1.137254901960784159e-01,1.000000000000000000e+00,2.325581395348836830e-02,0.000000000000000000e+00,5.986828976252144853e-06,8.445945945945844432e-06,0.000000000000000000e+00,0.000000000000000000e+00,0.000000000000000000e+00,0.000000000000000000e+00,0.000000000000000000e+00
0.000000000000000000e+00,0.000000000000000000e+00,3.392857142857142461e-01,8.888888888888889506e-01,1.029791503673303674e-04,1.286985807072407902e-02,0.000000000000000000e+00,0.000000000000000000e+00,8.996401439424235721e-04,1.057529610829103031e-02,0.000000000000000000e+00,0.000000000000000000e+00,0.000000000000000000e+00,0.000000000000000000e+00,1.329239276362149105e-05,0.000000000000000000e+00,1.418942887548698282e-05,1.372549019607842702e-01,1.000000000000000000e+00,2.325581395348836830e-02,0.000000000000000000e+00,5.986828976252144853e-06,8.445945945945844432e-06,0.000000000000000000e+00,0.000000000000000000e+00,0.000000000000000000e+00,0.000000000000000000e+00,0.000000000000000000e+00
0.000000000000000000e+00,0.000000000000000000e+00,3.392857142857142461e-01,8.888888888888889506e-01,1.335083675116274500e-04,1.286985807072407902e-02,0.000000000000000000e+00,0.000000000000000000e+00,2.598960415833666531e-03,1.480541455160744313e-02,0.000000000000000000e+00,0.000000000000000000e+00,0.000000000000000000e+00,0.000000000000000000e+00,1.329239276362149105e-05,0.000000000000000000e+00,1.064207165661717597e-05,1.000000000000000000e+00,1.000000000000000000e+00,2.325581395348836830e-02,0.000000000000000000e+00,1.995609658750818995e-06,0.000000000000000000e+00,0.000000000000000000e+00,0.000000000000000000e+00,0.000000000000000000e+00,0.000000000000000000e+00,0.000000000000000000e+00
0.000000000000000000e+00,0.000000000000000000e+00,3.392857142857142461e-01,8.888888888888889506e-01,1.389762870001584128e-04,1.286985807072407902e-02,0.000000000000000000e+00,0.000000000000000000e+00,3.298680527788883793e-03,1.776649746192893176e-02,0.000000000000000000e+00,0.000000000000000000e+00,0.000000000000000000e+00,0.000000000000000000e+00,1.329239276362149105e-05,0.000000000000000000e+00,8.868393047179686558e-06,1.000000000000000000e+00,1.000000000000000000e+00,2.325581395348836830e-02,0.000000000000000000e+00,0.000000000000000000e+00,0.000000000000000000e+00,0.000000000000000000e+00,0.000000000000000000e+00,0.000000000000000000e+00,0.000000000000000000e+00,0.000000000000000000e+00
0.000000000000000000e+00,0.000000000000000000e+00,3.392857142857142461e-01,8.888888888888889506e-01,1.389762870001584128e-04,1.286985807072407902e-02,0.000000000000000000e+00,0.000000000000000000e+00,4.298280687724909815e-03,2.199661590524534804e-02,0.000000000000000000e+00,0.000000000000000000e+00,0.000000000000000000e+00,0.000000000000000000e+00,1.329239276362149105e-05,0.000000000000000000e+00,7.094714437744784829e-06,1.000000000000000000e+00,1.000000000000000000e+00,2.325581395348836830e-02,0.000000000000000000e+00,0.000000000000000000e+00,0.000000000000000000e+00,0.000000000000000000e+00,0.000000000000000000e+00,0.000000000000000000e+00,0.000000000000000000e+00,0.000000000000000000e+00
0.000000000000000000e+00,0.000000000000000000e+00,3.392857142857142461e-01,8.888888888888889506e-01,1.093583897706166397e-04,1.286985807072407902e-02,0.000000000000000000e+00,0.000000000000000000e+00,6.997201119552171533e-04,2.538071065989847084e-03,0.000000000000000000e+00,0.000000000000000000e+00,0.000000000000000000e+00,0.000000000000000000e+00,1.329239276362149105e-05,0.000000000000000000e+00,0.000000000000000000e+00,1.000000000000000000e+00,1.000000000000000000e+00,2.325581395348836830e-02,0.000000000000000000e+00,1.995609658750818995e-06,0.000000000000000000e+00,0.000000000000000000e+00,0.000000000000000000e+00,0.000000000000000000e+00,0.000000000000000000e+00,0.000000000000000000e+00
0.000000000000000000e+00,0.000000000000000000e+00,3.392857142857142461e-01,8.888888888888889506e-01,1.098140497279938608e-04,1.286985807072407902e-02,0.000000000000000000e+00,0.000000000000000000e+00,1.699320271891242851e-03,6.768189509306259469e-03,0.000000000000000000e+00,0.000000000000000000e+00,0.000000000000000000e+00,0.000000000000000000e+00,1.329239276362149105e-05,0.000000000000000000e+00,0.000000000000000000e+00,1.000000000000000000e+00,1.000000000000000000e+00,2.325581395348836830e-02,0.000000000000000000e+00,0.000000000000000000e+00,0.000000000000000000e+00,0.000000000000000000e+00,0.000000000000000000e+00,0.000000000000000000e+00,0.000000000000000000e+00,0.000000000000000000e+00
0.000000000000000000e+00,1.000000000000000021e-02,8.035714285714284921e-01,8.888888888888889506e-01,4.784429552464527369e-05,1.286985807072407902e-02,0.000000000000000000e+00,0.000000000000000000e+00,9.996001599360216587e-05,0.000000000000000000e+00,0.000000000000000000e+00,0.000000000000000000e+00,0.000000000000000000e+00,0.000000000000000000e+00,1.329239276362149105e-05,0.000000000000000000e+00,0.000000000000000000e+00,1.000000000000000000e+00,9.921568627450979561e-01,2.302325581395348389e-02,1.000000000000000194e-02,0.000000000000000000e+00,0.000000000000000000e+00,0.000000000000000000e+00,0.000000000000000000e+00,0.000000000000000000e+00,0.000000000000000000e+00,0.000000000000000000e+00
0.000000000000000000e+00,0.000000000000000000e+00,3.392857142857142461e-01,8.888888888888889506e-01,8.930935164600340770e-05,1.286985807072407902e-02,0.000000000000000000e+00,0.000000000000000000e+00,1.999200319872063917e-04,4.230118443316407289e-04,0.000000000000000000e+00,0.000000000000000000e+00,0.000000000000000000e+00,0.000000000000000000e+00,1.329239276362149105e-05,0.000000000000000000e+00,0.000000000000000000e+00,1.000000000000000000e+00,1.000000000000000000e+00,2.325581395348836830e-02,0.000000000000000000e+00,0.000000000000000000e+00,0.000000000000000000e+00,0.000000000000000000e+00,0.000000000000000000e+00,0.000000000000000000e+00,0.000000000000000000e+00,0.000000000000000000e+00
5.905511811023621098e-03,0.000000000000000000e+00,8.928571428571427937e-01,8.888888888888889506e-01,7.354351712073943937e-04,1.286985807072407902e-02,0.000000000000000000e+00,0.000000000000000000e+00,9.996001599360216587e-05,0.000000000000000000e+00,0.000000000000000000e+00,0.000000000000000000e+00,0.000000000000000000e+00,0.000000000000000000e+00,1.329239276362149105e-05,0.000000000000000000e+00,0.000000000000000000e+00,7.333333333333333925e-01,5.686274509803922461e-01,1.302325581395348715e-02,2.000000000000000389e-02,1.995609658750818995e-06,4.222972972972764668e-06,1.666666666666500008e-06,1.267427122940427322e-05,0.000000000000000000e+00,0.000000000000000000e+00,0.000000000000000000e+00
0.000000000000000000e+00,0.000000000000000000e+00,3.392857142857142461e-01,8.888888888888889506e-01,7.655087283943173046e-05,1.286985807072407902e-02,0.000000000000000000e+00,0.000000000000000000e+00,9.996001599360216587e-05,0.000000000000000000e+00,0.000000000000000000e+00,0.000000000000000000e+00,0.000000000000000000e+00,0.000000000000000000e+00,1.329239276362149105e-05,0.000000000000000000e+00,0.000000000000000000e+00,1.450980392156862586e-01,1.000000000000000000e+00,2.325581395348836830e-02,0.000000000000000000e+00,5.986828976252144853e-06,8.445945945945844432e-06,0.000000000000000000e+00,0.000000000000000000e+00,0.000000000000000000e+00,0.000000000000000000e+00,0.000000000000000000e+00
0.000000000000000000e+00,0.000000000000000000e+00,3.392857142857142461e-01,8.888888888888889506e-01,1.029791503673303674e-04,1.286985807072407902e-02,0.000000000000000000e+00,0.000000000000000000e+00,9.996001599360258057e-04,3.807106598984771276e-03,0.000000000000000000e+00,0.000000000000000000e+00,0.000000000000000000e+00,0.000000000000000000e+00,1.329239276362149105e-05,0.000000000000000000e+00,0.000000000000000000e+00,1.803921568627450678e-01,1.000000000000000000e+00,2.325581395348836830e-02,0.000000000000000000e+00,3.991219317501326282e-06,8.445945945945844432e-06,0.000000000000000000e+00,0.000000000000000000e+00,0.000000000000000000e+00,0.000000000000000000e+00,0.000000000000000000e+00
0.000000000000000000e+00,0.000000000000000000e+00,3.392857142857142461e-01,8.888888888888889506e-01,9.887821075093280261e-05,1.286985807072407902e-02,0.000000000000000000e+00,0.000000000000000000e+00,1.999200319872063917e-04,8.460236886632814578e-04,0.000000000000000000e+00,0.000000000000000000e+00,0.000000000000000000e+00,0.000000000000000000e+00,1.329239276362149105e-05,0.000000000000000000e+00,1.188364668322109075e-04,1.000000000000000000e+00,1.000000000000000000e+00,2.325581395348836830e-02,0.000000000000000000e+00,0.000000000000000000e+00,0.000000000000000000e+00,0.000000000000000000e+00,0.000000000000000000e+00,0.000000000000000000e+00,0.000000000000000000e+00,0.000000000000000000e+00
0.000000000000000000e+00,0.000000000000000000e+00,3.392857142857142461e-01,8.888888888888889506e-01,1.002451906230653332e-04,1.286985807072407902e-02,0.000000000000000000e+00,0.000000000000000000e+00,6.997201119552171533e-04,5.076142131979694168e-03,0.000000000000000000e+00,0.000000000000000000e+00,0.000000000000000000e+00,0.000000000000000000e+00,1.329239276362149105e-05,0.000000000000000000e+00,5.498403689251561385e-05,1.000000000000000000e+00,1.000000000000000000e+00,2.325581395348836830e-02,0.000000000000000000e+00,0.000000000000000000e+00,0.000000000000000000e+00,0.000000000000000000e+00,0.000000000000000000e+00,0.000000000000000000e+00,0.000000000000000000e+00,0.000000000000000000e+00
0.000000000000000000e+00,0.000000000000000000e+00,8.928571428571427937e-01,8.888888888888889506e-01,0.000000000000000000e+00,1.286985807072407902e-02,0.000000000000000000e+00,0.000000000000000000e+00,9.996001599360216587e-05,0.000000000000000000e+00,0.000000000000000000e+00,0.000000000000000000e+00,0.000000000000000000e+00,0.000000000000000000e+00,1.329239276362149105e-05,0.000000000000000000e+00,0.000000000000000000e+00,6.823529411764706065e-01,6.274509803921568540e-01,1.581395348837209142e-02,3.000000000000000236e-02,1.995609658750818995e-06,4.222972972972764668e-06,0.000000000000000000e+00,0.000000000000000000e+00,2.000000000000041838e-05,3.944773175542391140e-05,0.000000000000000000e+00
0.000000000000000000e+00,1.000000000000000021e-02,8.035714285714284921e-01,8.888888888888889506e-01,4.784429552464527369e-05,1.286985807072407902e-02,0.000000000000000000e+00,0.000000000000000000e+00,9.996001599360216587e-05,0.000000000000000000e+00,0.000000000000000000e+00,0.000000000000000000e+00,0.000000000000000000e+00,0.000000000000000000e+00,1.329239276362149105e-05,0.000000000000000000e+00,0.000000000000000000e+00,1.000000000000000000e+00,9.921568627450979561e-01,2.302325581395348389e-02,1.000000000000000194e-02,0.000000000000000000e+00,0.000000000000000000e+00,0.000000000000000000e+00,0.000000000000000000e+00,0.000000000000000000e+00,0.000000000000000000e+00,-4.000000000000000000e+00
0.000000000000000000e+00,0.000000000000000000e+00,3.392857142857142461e-01,8.888888888888889506e-01,1.002451906230653332e-04,1.286985807072407902e-02,0.000000000000000000e+00,0.000000000000000000e+00,1.499400239904038600e-03,5.922165820642977252e-03,0.000000000000000000e+00,0.000000000000000000e+00,0.000000000000000000e+00,0.000000000000000000e+00,1.329239276362149105e-05,0.000000000000000000e+00,0.000000000000000000e+00,2.941176470588235947e-01,1.000000000000000000e+00,2.325581395348836830e-02,0.000000000000000000e+00,1.995609658750818995e-06,8.445945945945844432e-06,0.000000000000000000e+00,0.000000000000000000e+00,0.000000000000000000e+00,0.000000000000000000e+00,0.000000000000000000e+00
0.000000000000000000e+00,0.000000000000000000e+00,8.928571428571427937e-01,8.888888888888889506e-01,0.000000000000000000e+00,1.286985807072407902e-02,0.000000000000000000e+00,0.000000000000000000e+00,9.996001599360216587e-05,0.000000000000000000e+00,0.000000000000000000e+00,0.000000000000000000e+00,0.000000000000000000e+00,0.000000000000000000e+00,1.329239276362149105e-05,0.000000000000000000e+00,0.000000000000000000e+00,6.862745098039215730e-01,6.274509803921568540e-01,1.581395348837209142e-02,3.000000000000000236e-02,1.995609658750818995e-06,4.222972972972764668e-06,0.000000000000000000e+00,0.000000000000000000e+00,2.000000000000041838e-05,3.944773175542391140e-05,0.000000000000000000e+00
0.000000000000000000e+00,0.000000000000000000e+00,3.392857142857142461e-01,8.888888888888889506e-01,9.978953066568811215e-05,1.286985807072407902e-02,0.000000000000000000e+00,0.000000000000000000e+00,7.996801279488214469e-04,2.961082910321488626e-03,0.000000000000000000e+00,0.000000000000000000e+00,0.000000000000000000e+00,0.000000000000000000e+00,1.329239276362149105e-05,0.000000000000000000e+00,0.000000000000000000e+00,3.450980392156863252e-01,1.000000000000000000e+00,2.325581395348836830e-02,0.000000000000000000e+00,1.995609658750818995e-06,8.445945945945844432e-06,0.000000000000000000e+00,0.000000000000000000e+00,0.000000000000000000e+00,0.000000000000000000e+00,0.000000000000000000e+00
0.000000000000000000e+00,0.000000000000000000e+00,3.392857142857142461e-01,8.888888888888889506e-01,9.933387070831002370e-05,1.286985807072407902e-02,0.000000000000000000e+00,0.000000000000000000e+00,1.799280287884847144e-03,7.191201353637901444e-03,0.000000000000000000e+00,0.000000000000000000e+00,0.000000000000000000e+00,0.000000000000000000e+00,1.329239276362149105e-05,0.000000000000000000e+00,0.000000000000000000e+00,3.843137254901961009e-01,1.000000000000000000e+00,2.325581395348836830e-02,0.000000000000000000e+00,1.995609658750818995e-06,8.445945945945844432e-06,0.000000000000000000e+00,0.000000000000000000e+00,0.000000000000000000e+00,0.000000000000000000e+00,0.000000000000000000e+00
0.000000000000000000e+00,0.000000000000000000e+00,3.392857142857142461e-01,8.888888888888889506e-01,1.093583897706166397e-04,1.286985807072407902e-02,0.000000000000000000e+00,0.000000000000000000e+00,5.997600959616150281e-04,2.538071065989847084e-03,0.000000000000000000e+00,0.000000000000000000e+00,0.000000000000000000e+00,0.000000000000000000e+00,1.329239276362149105e-05,0.000000000000000000e+00,5.143667967364580869e-05,1.000000000000000000e+00,1.000000000000000000e+00,2.325581395348836830e-02,0.000000000000000000e+00,0.000000000000000000e+00,0.000000000000000000e+00,0.000000000000000000e+00,0.000000000000000000e+00,0.000000000000000000e+00,0.000000000000000000e+00,0.000000000000000000e+00
0.000000000000000000e+00,0.000000000000000000e+00,3.392857142857142461e-01,8.888888888888889506e-01,1.098140497279938608e-04,1.286985807072407902e-02,0.000000000000000000e+00,0.000000000000000000e+00,1.499400239904038600e-03,6.768189509306259469e-03,0.000000000000000000e+00,0.000000000000000000e+00,0.000000000000000000e+00,0.000000000000000000e+00,1.329239276362149105e-05,0.000000000000000000e+00,3.192621496984894108e-05,1.000000000000000000e+00,1.000000000000000000e+00,2.325581395348836830e-02,0.000000000000000000e+00,0.000000000000000000e+00,0.000000000000000000e+00,0.000000000000000000e+00,0.000000000000000000e+00,0.000000000000000000e+00,0.000000000000000000e+00,0.000000000000000000e+00
0.000000000000000000e+00,0.000000000000000000e+00,3.392857142857142461e-01,8.888888888888889506e-01,9.158765143289123432e-05,1.286985807072407902e-02,0.000000000000000000e+00,0.000000000000000000e+00,4.998000799680129029e-04,9.729272419627749829e-03,0.000000000000000000e+00,0.000000000000000000e+00,0.000000000000000000e+00,0.000000000000000000e+00,1.329239276362149105e-05,0.000000000000000000e+00,2.128414331323176680e-05,1.333333333333333315e-01,1.000000000000000000e+00,2.325581395348836830e-02,0.000000000000000000e+00,5.986828976252144853e-06,2.111486486486476778e-05,0.000000000000000000e+00,0.000000000000000000e+00,0.000000000000000000e+00,0.000000000000000000e+00,0.000000000000000000e+00
0.000000000000000000e+00,0.000000000000000000e+00,3.392857142857142461e-01,8.888888888888889506e-01,9.477727113453437047e-05,1.286985807072407902e-02,0.000000000000000000e+00,0.000000000000000000e+00,1.399440223910436475e-03,1.353637901861252067e-02,0.000000000000000000e+00,0.000000000000000000e+00,0.000000000000000000e+00,0.000000000000000000e+00,1.329239276362149105e-05,0.000000000000000000e+00,1.596310748492447054e-05,1.686274509803921406e-01,1.000000000000000000e+00,2.325581395348836830e-02,0.000000000000000000e+00,3.991219317501326282e-06,2.111486486486476778e-05,0.000000000000000000e+00,0.000000000000000000e+00,0.000000000000000000e+00,0.000000000000000000e+00,0.000000000000000000e+00
0.000000000000000000e+00,0.000000000000000000e+00,3.392857142857142461e-01,8.888888888888889506e-01,9.477727113453437047e-05,1.286985807072407902e-02,0.000000000000000000e+00,0.000000000000000000e+00,2.399040383846462281e-03,1.776649746192893176e-02,0.000000000000000000e+00,0.000000000000000000e+00,0.000000000000000000e+00,0.000000000000000000e+00,1.329239276362149105e-05,0.000000000000000000e+00,1.241575026605208024e-05,2.078431372549019995e-01,1.000000000000000000e+00,2.325581395348836830e-02,0.000000000000000000e+00,3.991219317501326282e-06,2.111486486486476778e-05,0.000000000000000000e+00,0.000000000000000000e+00,0.000000000000000000e+00,0.000000000000000000e+00,0.000000000000000000e+00
8.858267716535432948e-03,0.000000000000000000e+00,3.392857142857142461e-01,8.888888888888889506e-01,7.153861330827886969e-05,1.286985807072407902e-02,0.000000000000000000e+00,0.000000000000000000e+00,9.996001599360216587e-05,0.000000000000000000e+00,0.000000000000000000e+00,0.000000000000000000e+00,0.000000000000000000e+00,0.000000000000000000e+00,1.329239276362149105e-05,0.000000000000000000e+00,0.000000000000000000e+00,1.529411764705882470e-01,6.941176470588235059e-01,2.325581395348836830e-02,0.000000000000000000e+00,5.986828976252144853e-06,1.266891891891892335e-05,0.000000000000000000e+00,0.000000000000000000e+00,0.000000000000000000e+00,0.000000000000000000e+00,0.000000000000000000e+00
0.000000000000000000e+00,1.000000000000000021e-02,8.035714285714284921e-01,8.888888888888889506e-01,4.784429552464527369e-05,1.286985807072407902e-02,0.000000000000000000e+00,0.000000000000000000e+00,9.996001599360216587e-05,0.000000000000000000e+00,0.000000000000000000e+00,0.000000000000000000e+00,0.000000000000000000e+00,0.000000000000000000e+00,1.329239276362149105e-05,0.000000000000000000e+00,0.000000000000000000e+00,1.000000000000000000e+00,9.921568627450979561e-01,2.302325581395348389e-02,1.000000000000000194e-02,0.000000000000000000e+00,0.000000000000000000e+00,0.000000000000000000e+00,0.000000000000000000e+00,0.000000000000000000e+00,0.000000000000000000e+00,-4.000000000000000000e+00
0.000000000000000000e+00,0.000000000000000000e+00,3.392857142857142461e-01,8.888888888888889506e-01,9.933387070831002370e-05,1.286985807072407902e-02,0.000000000000000000e+00,0.000000000000000000e+00,1.199520191923230056e-03,7.191201353637901444e-03,0.000000000000000000e+00,0.000000000000000000e+00,0.000000000000000000e+00,0.000000000000000000e+00,1.329239276362149105e-05,0.000000000000000000e+00,1.951046470379686423e-05,1.000000000000000000e+00,1.000000000000000000e+00,2.325581395348836830e-02,0.000000000000000000e+00,0.000000000000000000e+00,0.000000000000000000e+00,0.000000000000000000e+00,0.000000000000000000e+00,0.000000000000000000e+00,0.000000000000000000e+00,0.000000000000000000e+00
0.000000000000000000e+00,0.000000000000000000e+00,3.392857142857142461e-01,8.888888888888889506e-01,1.198385687903004768e-04,1.286985807072407902e-02,0.000000000000000000e+00,0.000000000000000000e+00,9.996001599360216587e-05,0.000000000000000000e+00,0.000000000000000000e+00,0.000000000000000000e+00,0.000000000000000000e+00,0.000000000000000000e+00,1.329239276362149105e-05,0.000000000000000000e+00,0.000000000000000000e+00,3.921568627450950847e-03,1.000000000000000000e+00,2.325581395348836830e-02,0.000000000000000000e+00,1.995609658750747116e-04,2.956081081081092562e-05,0.000000000000000000e+00,1.267427122940427322e-05,0.000000000000000000e+00,0.000000000000000000e+00,0.000000000000000000e+00
0.000000000000000000e+00,0.000000000000000000e+00,3.392857142857142461e-01,8.888888888888889506e-01,1.166489490886573406e-04,1.286985807072407902e-02,0.000000000000000000e+00,0.000000000000000000e+00,9.996001599360216587e-05,0.000000000000000000e+00,0.000000000000000000e+00,0.000000000000000000e+00,0.000000000000000000e+00,0.000000000000000000e+00,1.329239276362149105e-05,0.000000000000000000e+00,0.000000000000000000e+00,1.000000000000000000e+00,1.000000000000000000e+00,2.325581395348836830e-02,0.000000000000000000e+00,0.000000000000000000e+00,0.000000000000000000e+00,0.000000000000000000e+00,0.000000000000000000e+00,0.000000000000000000e+00,0.000000000000000000e+00,0.000000000000000000e+00
0.000000000000000000e+00,0.000000000000000000e+00,3.392857142857142461e-01,8.888888888888889506e-01,1.444442064886893755e-04,1.286985807072407902e-02,0.000000000000000000e+00,0.000000000000000000e+00,9.996001599360258057e-04,3.807106598984771276e-03,0.000000000000000000e+00,0.000000000000000000e+00,0.000000000000000000e+00,0.000000000000000000e+00,1.329239276362149105e-05,0.000000000000000000e+00,0.000000000000000000e+00,1.000000000000000000e+00,1.000000000000000000e+00,2.325581395348836830e-02,0.000000000000000000e+00,0.000000000000000000e+00,0.000000000000000000e+00,0.000000000000000000e+00,0.000000000000000000e+00,0.000000000000000000e+00,0.000000000000000000e+00,0.000000000000000000e+00
0.000000000000000000e+00,0.000000000000000000e+00,3.392857142857142461e-01,8.888888888888889506e-01,9.022067156075870369e-05,1.286985807072407902e-02,0.000000000000000000e+00,0.000000000000000000e+00,9.996001599360216587e-05,8.037225042301183661e-03,0.000000000000000000e+00,0.000000000000000000e+00,0.000000000000000000e+00,0.000000000000000000e+00,1.329239276362149105e-05,0.000000000000000000e+00,1.773678609435937312e-05,1.607843137254902355e-01,7.019607843137255498e-01,2.325581395348836830e-02,0.000000000000000000e+00,3.991219317501326282e-06,1.266891891891892335e-05,0.000000000000000000e+00,0.000000000000000000e+00,0.000000000000000000e+00,0.000000000000000000e+00,0.000000000000000000e+00
4.921259842519684971e-03,0.000000000000000000e+00,8.928571428571427937e-01,8.888888888888889506e-01,3.285308292692266929e-04,1.286985807072407902e-02,0.000000000000000000e+00,0.000000000000000000e+00,9.996001599360216587e-05,0.000000000000000000e+00,0.000000000000000000e+00,0.000000000000000000e+00,0.000000000000000000e+00,0.000000000000000000e+00,1.329239276362149105e-05,0.000000000000000000e+00,0.000000000000000000e+00,7.019607843137255498e-01,5.803921568627451455e-01,1.348837209302325077e-02,2.000000000000000389e-02,1.995609658750818995e-06,4.222972972972764668e-06,0.000000000000000000e+00,0.000000000000000000e+00,0.000000000000000000e+00,0.000000000000000000e+00,0.000000000000000000e+00
0.000000000000000000e+00,0.000000000000000000e+00,3.392857142857142461e-01,8.888888888888889506e-01,1.531017456788634609e-04,1.286985807072407902e-02,0.000000000000000000e+00,0.000000000000000000e+00,8.996401439424235721e-04,3.384094754653129301e-03,0.000000000000000000e+00,0.000000000000000000e+00,0.000000000000000000e+00,0.000000000000000000e+00,1.329239276362149105e-05,0.000000000000000000e+00,0.000000000000000000e+00,6.274509803921571316e-02,1.000000000000000000e+00,2.325581395348836830e-02,0.000000000000000000e+00,1.197365795250460141e-05,2.956081081081092562e-05,0.000000000000000000e+00,1.267427122940427322e-05,0.000000000000000000e+00,0.000000000000000000e+00,0.000000000000000000e+00
0.000000000000000000e+00,1.000000000000000021e-02,8.035714285714284921e-01,8.888888888888889506e-01,4.784429552464527369e-05,1.286985807072407902e-02,0.000000000000000000e+00,0.000000000000000000e+00,9.996001599360216587e-05,0.000000000000000000e+00,0.000000000000000000e+00,0.000000000000000000e+00,0.000000000000000000e+00,0.000000000000000000e+00,1.329239276362149105e-05,0.000000000000000000e+00,0.000000000000000000e+00,1.000000000000000000e+00,9.921568627450979561e-01,2.302325581395348389e-02,1.000000000000000194e-02,0.000000000000000000e+00,0.000000000000000000e+00,0.000000000000000000e+00,0.000000000000000000e+00,0.000000000000000000e+00,0.000000000000000000e+00,-4.000000000000000000e+00
0.000000000000000000e+00,0.000000000000000000e+00,3.392857142857142461e-01,8.888888888888889506e-01,1.485451461050878077e-04,1.286985807072407902e-02,0.000000000000000000e+00,0.000000000000000000e+00,6.997201119552171533e-04,3.807106598984771276e-03,0.000000000000000000e+00,0.000000000000000000e+00,0.000000000000000000e+00,0.000000000000000000e+00,1.329239276362149105e-05,0.000000000000000000e+00,5.321035828307812613e-05,1.000000000000000000e+00,1.000000000000000000e+00,2.325581395348836830e-02,0.000000000000000000e+00,0.000000000000000000e+00,0.000000000000000000e+00,0.000000000000000000e+00,0.000000000000000000e+00,0.000000000000000000e+00,0.000000000000000000e+00,0.000000000000000000e+00
0.000000000000000000e+00,0.000000000000000000e+00,3.392857142857142461e-01,8.888888888888889506e-01,9.386595121977906093e-05,1.286985807072407902e-02,0.000000000000000000e+00,0.000000000000000000e+00,1.999200319872063917e-04,6.345177664974618360e-03,0.000000000000000000e+00,0.000000000000000000e+00,0.000000000000000000e+00,0.000000000000000000e+00,1.329239276362149105e-05,0.000000000000000000e+00,2.128414331323176680e-05,2.352941176470587162e-02,1.000000000000000000e+00,2.325581395348836830e-02,0.000000000000000000e+00,3.392536419876267142e-05,2.111486486486476778e-05,0.000000000000000000e+00,0.000000000000000000e+00,0.000000000000000000e+00,0.000000000000000000e+00,0.000000000000000000e+00
3.149606299212598381e-02,0.000000000000000000e+00,1.000000000000000000e+00,8.888888888888889506e-01,2.332978981773146812e-04,1.286985807072407902e-02,0.000000000000000000e+00,0.000000000000000000e+00,9.996001599360216587e-05,0.000000000000000000e+00,0.000000000000000000e+00,0.000000000000000000e+00,0.000000000000000000e+00,0.000000000000000000e+00,1.329239276362149105e-05,0.000000000000000000e+00,0.000000000000000000e+00,8.509803921568628304e-01,7.843137254901966227e-02,2.093023255813956235e-03,2.000000000000000389e-02,0.000000000000000000e+00,0.000000000000000000e+00,0.000000000000000000e+00,0.000000000000000000e+00,0.000000000000000000e+00,0.000000000000000000e+00,0.000000000000000000e+00
0.000000000000000000e+00,0.000000000000000000e+00,3.392857142857142461e-01,8.888888888888889506e-01,7.017163343614547170e-05,1.286985807072407902e-02,0.000000000000000000e+00,0.000000000000000000e+00,9.996001599360216587e-05,0.000000000000000000e+00,0.000000000000000000e+00,0.000000000000000000e+00,0.000000000000000000e+00,0.000000000000000000e+00,1.329239276362149105e-05,0.000000000000000000e+00,0.000000000000000000e+00,3.960784313725490557e-01,1.000000000000000000e+00,2.325581395348836830e-02,0.000000000000000000e+00,1.995609658750818995e-06,8.445945945945844432e-06,0.000000000000000000e+00,0.000000000000000000e+00,0.000000000000000000e+00,0.000000000000000000e+00,0.000000000000000000e+00
0.000000000000000000e+00,0.000000000000000000e+00,3.392857142857142461e-01,8.888888888888889506e-01,9.887821075093280261e-05,1.286985807072407902e-02,0.000000000000000000e+00,0.000000000000000000e+00,9.996001599360258057e-04,3.807106598984771276e-03,0.000000000000000000e+00,0.000000000000000000e+00,0.000000000000000000e+00,0.000000000000000000e+00,1.329239276362149105e-05,0.000000000000000000e+00,0.000000000000000000e+00,4.313725490196078649e-01,1.000000000000000000e+00,2.325581395348836830e-02,0.000000000000000000e+00,1.995609658750818995e-06,8.445945945945844432e-06,0.000000000000000000e+00,0.000000000000000000e+00,0.000000000000000000e+00,0.000000000000000000e+00,0.000000000000000000e+00
0.000000000000000000e+00,0.000000000000000000e+00,3.392857142857142461e-01,8.888888888888889506e-01,1.011565105378206292e-04,1.286985807072407902e-02,0.000000000000000000e+00,0.000000000000000000e+00,1.999200319872051611e-03,8.037225042301183661e-03,0.000000000000000000e+00,0.000000000000000000e+00,0.000000000000000000e+00,0.000000000000000000e+00,1.329239276362149105e-05,0.000000000000000000e+00,0.000000000000000000e+00,4.705882352941176405e-01,1.000000000000000000e+00,2.325581395348836830e-02,0.000000000000000000e+00,1.995609658750818995e-06,8.445945945945844432e-06,0.000000000000000000e+00,0.000000000000000000e+00,0.000000000000000000e+00,0.000000000000000000e+00,0.000000000000000000e+00
0.000000000000000000e+00,0.000000000000000000e+00,3.392857142857142461e-01,8.888888888888889506e-01,9.659991096404497600e-05,1.286985807072407902e-02,0.000000000000000000e+00,0.000000000000000000e+00,8.996401439424235721e-04,3.384094754653129301e-03,0.000000000000000000e+00,0.000000000000000000e+00,0.000000000000000000e+00,0.000000000000000000e+00,1.329239276362149105e-05,0.000000000000000000e+00,0.000000000000000000e+00,1.000000000000000000e+00,1.000000000000000000e+00,2.325581395348836830e-02,0.000000000000000000e+00,0.000000000000000000e+00,0.000000000000000000e+00,0.000000000000000000e+00,0.000000000000000000e+00,0.000000000000000000e+00,0.000000000000000000e+00,0.000000000000000000e+00
0.000000000000000000e+00,0.000000000000000000e+00,3.392857142857142461e-01,8.888888888888889506e-01,9.523293109191157801e-05,1.286985807072407902e-02,0.000000000000000000e+00,0.000000000000000000e+00,1.899240303878449269e-03,7.614213197969542553e-03,0.000000000000000000e+00,0.000000000000000000e+00,0.000000000000000000e+00,0.000000000000000000e+00,1.329239276362149105e-05,0.000000000000000000e+00,0.000000000000000000e+00,1.000000000000000000e+00,1.000000000000000000e+00,2.325581395348836830e-02,0.000000000000000000e+00,0.000000000000000000e+00,0.000000000000000000e+00,0.000000000000000000e+00,0.000000000000000000e+00,0.000000000000000000e+00,0.000000000000000000e+00,0.000000000000000000e+00
0.000000000000000000e+00,0.000000000000000000e+00,3.392857142857142461e-01,8.888888888888889506e-01,9.477727113453437047e-05,1.286985807072407902e-02,0.000000000000000000e+00,0.000000000000000000e+00,2.798880447820870782e-03,1.142131979695431426e-02,0.000000000000000000e+00,0.000000000000000000e+00,0.000000000000000000e+00,0.000000000000000000e+00,1.329239276362149105e-05,0.000000000000000000e+00,0.000000000000000000e+00,1.000000000000000000e+00,1.000000000000000000e+00,2.325581395348836830e-02,0.000000000000000000e+00,0.000000000000000000e+00,0.000000000000000000e+00,0.000000000000000000e+00,0.000000000000000000e+00,0.000000000000000000e+00,0.000000000000000000e+00,0.000000000000000000e+00
0.000000000000000000e+00,0.000000000000000000e+00,3.392857142857142461e-01,8.888888888888889506e-01,1.020678304525759388e-04,1.286985807072407902e-02,0.000000000000000000e+00,0.000000000000000000e+00,2.998800479808077200e-03,1.226734348561759821e-02,0.000000000000000000e+00,0.000000000000000000e+00,0.000000000000000000e+00,0.000000000000000000e+00,1.329239276362149105e-05,0.000000000000000000e+00,0.000000000000000000e+00,1.000000000000000000e+00,1.000000000000000000e+00,2.325581395348836830e-02,0.000000000000000000e+00,0.000000000000000000e+00,0.000000000000000000e+00,0.000000000000000000e+00,0.000000000000000000e+00,0.000000000000000000e+00,0.000000000000000000e+00,0.000000000000000000e+00
0.000000000000000000e+00,0.000000000000000000e+00,8.035714285714284921e-01,0.000000000000000000e+00,4.784429552464527369e-05,1.286985807072407902e-02,0.000000000000000000e+00,0.000000000000000000e+00,2.788884446221511285e-02,4.187817258883248794e-02,0.000000000000000000e+00,0.000000000000000000e+00,3.900156006240249745e-04,2.738975623116955216e-04,7.975435658171778366e-07,1.642036124794785112e-05,0.000000000000000000e+00,1.000000000000000000e+00,6.666666666666672125e-02,1.627906976744182858e-03,6.000000000000000472e-02,0.000000000000000000e+00,0.000000000000000000e+00,0.000000000000000000e+00,0.000000000000000000e+00,6.666666666666671865e-04,9.861932938856024945e-04,0.000000000000000000e+00
0.000000000000000000e+00,0.000000000000000000e+00,8.035714285714284921e-01,0.000000000000000000e+00,4.784429552464527369e-05,1.286985807072407902e-02,0.000000000000000000e+00,0.000000000000000000e+00,2.888844462215113540e-02,4.187817258883248794e-02,0.000000000000000000e+00,0.000000000000000000e+00,3.900156006240249745e-04,2.738975623116955216e-04,9.304674934535292379e-07,1.642036124794785112e-05,0.000000000000000000e+00,1.000000000000000000e+00,7.843137254901966227e-02,1.860465116279069655e-03,6.000000000000000472e-02,0.000000000000000000e+00,0.000000000000000000e+00,0.000000000000000000e+00,0.000000000000000000e+00,6.666666666666671865e-04,9.861932938856024945e-04,0.000000000000000000e+00
0.000000000000000000e+00,0.000000000000000000e+00,8.035714285714284921e-01,0.000000000000000000e+00,4.784429552464527369e-05,1.286985807072407902e-02,0.000000000000000000e+00,0.000000000000000000e+00,2.988804478208716489e-02,4.187817258883248794e-02,0.000000000000000000e+00,0.000000000000000000e+00,3.900156006240249745e-04,2.738975623116955216e-04,9.304674934535292379e-07,1.642036124794785112e-05,0.000000000000000000e+00,1.000000000000000000e+00,7.843137254901966227e-02,1.860465116279069655e-03,6.000000000000000472e-02,0.000000000000000000e+00,0.000000000000000000e+00,0.000000000000000000e+00,0.000000000000000000e+00,6.666666666666671865e-04,9.861932938856024945e-04,0.000000000000000000e+00
0.000000000000000000e+00,0.000000000000000000e+00,8.035714285714284921e-01,0.000000000000000000e+00,1.394319469575365012e-04,1.286985807072407902e-02,0.000000000000000000e+00,0.000000000000000000e+00,2.089164334266293416e-02,4.187817258883248794e-02,0.000000000000000000e+00,0.000000000000000000e+00,3.900156006240249745e-04,2.738975623116955216e-04,1.329239276360413079e-07,2.189381499726338024e-05,0.000000000000000000e+00,1.000000000000000000e+00,1.176470588235294275e-02,2.325581395348807795e-04,7.000000000000002054e-02,0.000000000000000000e+00,0.000000000000000000e+00,0.000000000000000000e+00,0.000000000000000000e+00,6.666666666666671865e-04,9.861932938856024945e-04,0.000000000000000000e+00
0.000000000000000000e+00,0.000000000000000000e+00,8.035714285714284921e-01,0.000000000000000000e+00,1.107253696427491703e-04,1.286985807072407902e-02,0.000000000000000000e+00,0.000000000000000000e+00,2.189124350259896018e-02,4.187817258883248794e-02,0.000000000000000000e+00,0.000000000000000000e+00,3.900156006240249745e-04,2.738975623116955216e-04,5.316957105447852597e-07,1.915708812260561399e-05,0.000000000000000000e+00,1.000000000000000000e+00,3.137254901960789821e-02,6.976744186046481390e-04,7.000000000000002054e-02,0.000000000000000000e+00,0.000000000000000000e+00,0.000000000000000000e+00,0.000000000000000000e+00,6.666666666666671865e-04,9.861932938856024945e-04,0.000000000000000000e+00
0.000000000000000000e+00,0.000000000000000000e+00,8.035714285714284921e-01,0.000000000000000000e+00,4.784429552464527369e-05,1.286985807072407902e-02,0.000000000000000000e+00,0.000000000000000000e+00,2.289084366253498620e-02,4.187817258883248794e-02,0.000000000000000000e+00,0.000000000000000000e+00,3.900156006240249745e-04,2.738975623116955216e-04,1.329239276360413079e-07,1.915708812260561399e-05,0.000000000000000000e+00,1.000000000000000000e+00,7.843137254902010982e-03,2.325581395348807795e-04,7.000000000000002054e-02,0.000000000000000000e+00,0.000000000000000000e+00,0.000000000000000000e+00,0.000000000000000000e+00,6.666666666666671865e-04,9.861932938856024945e-04,0.000000000000000000e+00
0.000000000000000000e+00,0.000000000000000000e+00,8.035714285714284921e-01,0.000000000000000000e+00,1.398876069149137223e-04,1.286985807072407902e-02,0.000000000000000000e+00,0.000000000000000000e+00,2.389044382247101223e-02,4.187817258883248794e-02,0.000000000000000000e+00,0.000000000000000000e+00,3.900156006240249745e-04,2.738975623116955216e-04,3.987717829087439253e-07,1.915708812260561399e-05,0.000000000000000000e+00,1.000000000000000000e+00,2.745098039215681726e-02,6.976744186046481390e-04,7.000000000000002054e-02,0.000000000000000000e+00,0.000000000000000000e+00,0.000000000000000000e+00,0.000000000000000000e+00,6.666666666666671865e-04,9.861932938856024945e-04,0.000000000000000000e+00
0.000000000000000000e+00,0.000000000000000000e+00,8.035714285714284921e-01,0.000000000000000000e+00,1.403432668722909434e-04,1.286985807072407902e-02,0.000000000000000000e+00,0.000000000000000000e+00,2.489004398240703478e-02,4.187817258883248794e-02,0.000000000000000000e+00,0.000000000000000000e+00,3.900156006240249745e-04,2.738975623116955216e-04,3.987717829087439253e-07,1.642036124794785112e-05,0.000000000000000000e+00,1.000000000000000000e+00,2.745098039215681726e-02,6.976744186046481390e-04,7.000000000000002054e-02,0.000000000000000000e+00,0.000000000000000000e+00,0.000000000000000000e+00,0.000000000000000000e+00,6.666666666666671865e-04,9.861932938856024945e-04,0.000000000000000000e+00
0.000000000000000000e+00,0.000000000000000000e+00,8.035714285714284921e-01,0.000000000000000000e+00,4.784429552464527369e-05,1.286985807072407902e-02,0.000000000000000000e+00,0.000000000000000000e+00,2.588964414234306427e-02,4.187817258883248794e-02,0.000000000000000000e+00,0.000000000000000000e+00,3.900156006240249745e-04,2.738975623116955216e-04,6.646196381811365552e-07,1.642036124794785112e-05,0.000000000000000000e+00,1.000000000000000000e+00,4.705882352941177099e-02,1.162790697674415553e-03,6.000000000000000472e-02,0.000000000000000000e+00,0.000000000000000000e+00,0.000000000000000000e+00,0.000000000000000000e+00,6.666666666666671865e-04,9.861932938856024945e-04,0.000000000000000000e+00
0.000000000000000000e+00,0.000000000000000000e+00,8.035714285714284921e-01,0.000000000000000000e+00,1.366979872132705726e-04,1.286985807072407902e-02,0.000000000000000000e+00,0.000000000000000000e+00,2.688924430227908335e-02,4.187817258883248794e-02,0.000000000000000000e+00,0.000000000000000000e+00,3.900156006240249745e-04,2.738975623116955216e-04,7.975435658171778366e-07,1.642036124794785112e-05,0.000000000000000000e+00,1.000000000000000000e+00,6.666666666666672125e-02,1.627906976744182858e-03,6.000000000000000472e-02,0.000000000000000000e+00,0.000000000000000000e+00,0.000000000000000000e+00,0.000000000000000000e+00,6.666666666666671865e-04,9.861932938856024945e-04,0.000000000000000000e+00
0.000000000000000000e+00,0.000000000000000000e+00,3.392857142857142461e-01,8.888888888888889506e-01,1.321413876394949194e-04,1.286985807072407902e-02,0.000000000000000000e+00,0.000000000000000000e+00,1.999200319872063917e-04,4.230118443316407289e-04,0.000000000000000000e+00,0.000000000000000000e+00,0.000000000000000000e+00,0.000000000000000000e+00,1.329239276362149105e-05,0.000000000000000000e+00,0.000000000000000000e+00,7.843137254901984962e-03,1.000000000000000000e+00,2.325581395348836830e-02,0.000000000000000000e+00,9.978048293753751842e-05,1.689189189189200057e-05,0.000000000000000000e+00,0.000000000000000000e+00,0.000000000000000000e+00,0.000000000000000000e+00,0.000000000000000000e+00
0.000000000000000000e+00,0.000000000000000000e+00,8.928571428571427937e-01,8.888888888888889506e-01,0.000000000000000000e+00,1.286985807072407902e-02,0.000000000000000000e+00,0.000000000000000000e+00,1.999200319872063917e-04,0.000000000000000000e+00,0.000000000000000000e+00,0.000000000000000000e+00,0.000000000000000000e+00,0.000000000000000000e+00,6.646196381810745523e-06,2.736726874657909774e-04,0.000000000000000000e+00,8.313725490196079981e-01,3.960784313725490557e-01,1.116279069767441533e-02,4.000000000000000777e-02,0.000000000000000000e+00,0.000000000000000000e+00,0.000000000000000000e+00,0.000000000000000000e+00,0.000000000000000000e+00,0.000000000000000000e+00,0.000000000000000000e+00
0.000000000000000000e+00,1.999999999999999695e-02,1.785714285714286031e-01,8.888888888888889506e-01,6.743767369188002556e-04,1.286985807072407902e-02,0.000000000000000000e+00,0.000000000000000000e+00,1.799280287884847144e-03,7.191201353637901444e-03,0.000000000000000000e+00,0.000000000000000000e+00,0.000000000000000000e+00,0.000000000000000000e+00,1.329239276362149105e-05,0.000000000000000000e+00,0.000000000000000000e+00,1.000000000000000000e+00,7.058823529411765996e-02,1.627906976744182858e-03,2.000000000000000389e-02,1.396926761125542083e-05,0.000000000000000000e+00,0.000000000000000000e+00,0.000000000000000000e+00,0.000000000000000000e+00,0.000000000000000000e+00,0.000000000000000000e+00
0.000000000000000000e+00,1.999999999999999695e-02,1.785714285714286031e-01,8.888888888888889506e-01,6.743767369188002556e-04,1.286985807072407902e-02,0.000000000000000000e+00,0.000000000000000000e+00,8.996401439424235721e-04,3.384094754653129301e-03,0.000000000000000000e+00,0.000000000000000000e+00,0.000000000000000000e+00,0.000000000000000000e+00,1.329239276362149105e-05,0.000000000000000000e+00,0.000000000000000000e+00,1.000000000000000000e+00,3.529411764705882998e-02,9.302325581395348274e-04,2.000000000000000389e-02,7.982438635002652564e-06,0.000000000000000000e+00,0.000000000000000000e+00,0.000000000000000000e+00,0.000000000000000000e+00,0.000000000000000000e+00,0.000000000000000000e+00
0.000000000000000000e+00,0.000000000000000000e+00,2.678571428571428492e-01,8.888888888888889506e-01,8.657539190173836000e-05,1.286985807072407902e-02,0.000000000000000000e+00,0.000000000000000000e+00,9.996001599360216587e-05,0.000000000000000000e+00,0.000000000000000000e+00,0.000000000000000000e+00,0.000000000000000000e+00,0.000000000000000000e+00,1.329239276362149105e-05,0.000000000000000000e+00,0.000000000000000000e+00,4.392156862745098533e-01,2.117647058823529660e-01,2.325581395348837177e-03,4.000000000000000777e-02,1.995609658750725228e-05,1.689189189189200057e-05,0.000000000000000000e+00,0.000000000000000000e+00,0.000000000000000000e+00,0.000000000000000000e+00,0.000000000000000000e+00
0.000000000000000000e+00,0.000000000000000000e+00,8.928571428571427937e-01,8.888888888888889506e-01,2.752186142560508969e-04,1.286985807072407902e-02,0.000000000000000000e+00,0.000000000000000000e+00,9.996001599360216587e-05,0.000000000000000000e+00,0.000000000000000000e+00,0.000000000000000000e+00,0.000000000000000000e+00,0.000000000000000000e+00,1.329239276362149105e-05,0.000000000000000000e+00,0.000000000000000000e+00,4.588235294117647411e-01,7.529411764705882248e-01,1.581395348837209142e-02,3.000000000000000236e-02,1.995609658750818995e-06,4.222972972972764668e-06,0.000000000000000000e+00,0.000000000000000000e+00,0.000000000000000000e+00,0.000000000000000000e+00,0.000000000000000000e+00
0.000000000000000000e+00,0.000000000000000000e+00,3.392857142857142461e-01,8.888888888888889506e-01,1.599366450395269543e-04,1.286985807072407902e-02,0.000000000000000000e+00,0.000000000000000000e+00,5.997600959616150281e-04,2.115059221658205542e-03,0.000000000000000000e+00,0.000000000000000000e+00,0.000000000000000000e+00,0.000000000000000000e+00,1.329239276362149105e-05,0.000000000000000000e+00,0.000000000000000000e+00,1.000000000000000000e+00,1.000000000000000000e+00,2.325581395348836830e-02,0.000000000000000000e+00,0.000000000000000000e+00,0.000000000000000000e+00,0.000000000000000000e+00,0.000000000000000000e+00,0.000000000000000000e+00,0.000000000000000000e+00,0.000000000000000000e+00
0.000000000000000000e+00,0.000000000000000000e+00,3.392857142857142461e-01,8.888888888888889506e-01,1.116366895575044663e-04,1.286985807072407902e-02,0.000000000000000000e+00,0.000000000000000000e+00,1.599360255897640725e-03,6.345177664974618360e-03,0.000000000000000000e+00,0.000000000000000000e+00,0.000000000000000000e+00,0.000000000000000000e+00,1.329239276362149105e-05,0.000000000000000000e+00,0.000000000000000000e+00,1.000000000000000000e+00,1.000000000000000000e+00,2.325581395348836830e-02,0.000000000000000000e+00,0.000000000000000000e+00,0.000000000000000000e+00,0.000000000000000000e+00,0.000000000000000000e+00,0.000000000000000000e+00,0.000000000000000000e+00,0.000000000000000000e+00
0.000000000000000000e+00,1.000000000000000021e-02,6.964285714285713969e-01,8.888888888888889506e-01,2.187167795412385445e-05,1.286985807072407902e-02,0.000000000000000000e+00,0.000000000000000000e+00,9.996001599360216587e-05,0.000000000000000000e+00,0.000000000000000000e+00,0.000000000000000000e+00,0.000000000000000000e+00,0.000000000000000000e+00,1.329239276362149105e-05,0.000000000000000000e+00,0.000000000000000000e+00,1.000000000000000000e+00,2.352941176470588550e-02,4.651162790697674137e-04,1.000000000000000194e-02,3.991219317501326282e-06,0.000000000000000000e+00,0.000000000000000000e+00,0.000000000000000000e+00,0.000000000000000000e+00,0.000000000000000000e+00,0.000000000000000000e+00
0.000000000000000000e+00,0.000000000000000000e+00,3.392857142857142461e-01,8.888888888888889506e-01,1.503677859345975594e-04,1.286985807072407902e-02,0.000000000000000000e+00,0.000000000000000000e+00,2.998800479808085440e-04,2.538071065989847084e-03,0.000000000000000000e+00,0.000000000000000000e+00,0.000000000000000000e+00,0.000000000000000000e+00,1.329239276362149105e-05,0.000000000000000000e+00,5.143667967364580869e-05,1.921568627450980227e-01,1.000000000000000000e+00,2.325581395348836830e-02,0.000000000000000000e+00,3.991219317501326282e-06,2.111486486486476778e-05,0.000000000000000000e+00,0.000000000000000000e+00,0.000000000000000000e+00,0.000000000000000000e+00,0.000000000000000000e+00
0.000000000000000000e+00,1.000000000000000021e-02,8.035714285714284921e-01,8.888888888888889506e-01,4.784429552464527369e-05,1.286985807072407902e-02,0.000000000000000000e+00,0.000000000000000000e+00,9.996001599360216587e-05,0.000000000000000000e+00,0.000000000000000000e+00,0.000000000000000000e+00,0.000000000000000000e+00,0.000000000000000000e+00,1.329239276362149105e-05,0.000000000000000000e+00,0.000000000000000000e+00,1.000000000000000000e+00,9.882352941176471006e-01,2.302325581395348389e-02,1.000000000000000194e-02,0.000000000000000000e+00,0.000000000000000000e+00,0.000000000000000000e+00,0.000000000000000000e+00,0.000000000000000000e+00,0.000000000000000000e+00,-4.000000000000000000e+00
0.000000000000000000e+00,1.000000000000000021e-02,8.035714285714284921e-01,8.888888888888889506e-01,4.784429552464527369e-05,1.286985807072407902e-02,0.000000000000000000e+00,0.000000000000000000e+00,9.996001599360216587e-05,0.000000000000000000e+00,0.000000000000000000e+00,0.000000000000000000e+00,0.000000000000000000e+00,0.000000000000000000e+00,1.329239276362149105e-05,0.000000000000000000e+00,0.000000000000000000e+00,1.000000000000000000e+00,9.882352941176471006e-01,2.302325581395348389e-02,1.000000000000000194e-02,0.000000000000000000e+00,0.000000000000000000e+00,0.000000000000000000e+00,0.000000000000000000e+00,0.000000000000000000e+00,0.000000000000000000e+00,0.000000000000000000e+00
0.000000000000000000e+00,1.000000000000000021e-02,8.035714285714284921e-01,8.888888888888889506e-01,4.784429552464527369e-05,1.286985807072407902e-02,0.000000000000000000e+00,0.000000000000000000e+00,9.996001599360216587e-05,0.000000000000000000e+00,0.000000000000000000e+00,0.000000000000000000e+00,0.000000000000000000e+00,0.000000000000000000e+00,1.329239276362149105e-05,0.000000000000000000e+00,0.000000000000000000e+00,1.000000000000000000e+00,9.882352941176471006e-01,2.302325581395348389e-02,1.000000000000000194e-02,0.000000000000000000e+00,0.000000000000000000e+00,0.000000000000000000e+00,0.000000000000000000e+00,0.000000000000000000e+00,0.000000000000000000e+00,-4.000000000000000000e+00
0.000000000000000000e+00,0.000000000000000000e+00,3.392857142857142461e-01,8.888888888888889506e-01,1.394319469575365012e-04,1.286985807072407902e-02,0.000000000000000000e+00,0.000000000000000000e+00,3.998400639744107234e-04,1.269035532994923108e-03,0.000000000000000000e+00,0.000000000000000000e+00,0.000000000000000000e+00,0.000000000000000000e+00,1.329239276362149105e-05,0.000000000000000000e+00,0.000000000000000000e+00,2.745098039215682420e-02,1.000000000000000000e+00,2.325581395348836830e-02,0.000000000000000000e+00,2.793853522251052996e-05,1.266891891891892335e-05,0.000000000000000000e+00,0.000000000000000000e+00,0.000000000000000000e+00,0.000000000000000000e+00,0.000000000000000000e+00
0.000000000000000000e+00,0.000000000000000000e+00,3.392857142857142461e-01,8.888888888888889506e-01,1.107253696427491703e-04,1.286985807072407902e-02,0.000000000000000000e+00,0.000000000000000000e+00,1.299480207916834350e-03,5.499153976311337011e-03,0.000000000000000000e+00,0.000000000000000000e+00,0.000000000000000000e+00,0.000000000000000000e+00,1.329239276362149105e-05,0.000000000000000000e+00,2.483150053210416049e-05,6.274509803921571316e-02,1.000000000000000000e+00,2.325581395348836830e-02,0.000000000000000000e+00,1.197365795250460141e-05,1.266891891891892335e-05,0.000000000000000000e+00,0.000000000000000000e+00,0.000000000000000000e+00,0.000000000000000000e+00,0.000000000000000000e+00
0.000000000000000000e+00,1.000000000000000021e-02,8.035714285714284921e-01,8.888888888888889506e-01,4.784429552464527369e-05,1.286985807072407902e-02,0.000000000000000000e+00,0.000000000000000000e+00,9.996001599360216587e-05,0.000000000000000000e+00,0.000000000000000000e+00,0.000000000000000000e+00,0.000000000000000000e+00,0.000000000000000000e+00,1.329239276362149105e-05,0.000000000000000000e+00,0.000000000000000000e+00,1.000000000000000000e+00,9.882352941176471006e-01,2.302325581395348389e-02,1.000000000000000194e-02,0.000000000000000000e+00,0.000000000000000000e+00,0.000000000000000000e+00,0.000000000000000000e+00,0.000000000000000000e+00,0.000000000000000000e+00,0.000000000000000000e+00
0.000000000000000000e+00,0.000000000000000000e+00,3.392857142857142461e-01,8.888888888888889506e-01,1.398876069149137223e-04,1.286985807072407902e-02,0.000000000000000000e+00,0.000000000000000000e+00,8.996401439424235721e-04,3.384094754653129301e-03,0.000000000000000000e+00,0.000000000000000000e+00,0.000000000000000000e+00,0.000000000000000000e+00,1.329239276362149105e-05,0.000000000000000000e+00,0.000000000000000000e+00,1.215686274509803905e-01,1.000000000000000000e+00,2.325581395348836830e-02,0.000000000000000000e+00,5.986828976252144853e-06,8.445945945945844432e-06,0.000000000000000000e+00,0.000000000000000000e+00,0.000000000000000000e+00,0.000000000000000000e+00,0.000000000000000000e+00
0.000000000000000000e+00,0.000000000000000000e+00,3.392857142857142461e-01,8.888888888888889506e-01,1.403432668722909434e-04,1.286985807072407902e-02,0.000000000000000000e+00,0.000000000000000000e+00,2.998800479808085440e-04,2.538071065989847084e-03,0.000000000000000000e+00,0.000000000000000000e+00,0.000000000000000000e+00,0.000000000000000000e+00,1.329239276362149105e-05,0.000000000000000000e+00,7.626818020574737387e-05,1.411764705882353199e-01,1.000000000000000000e+00,2.325581395348836830e-02,0.000000000000000000e+00,5.986828976252144853e-06,8.445945945945844432e-06,0.000000000000000000e+00,0.000000000000000000e+00,0.000000000000000000e+00,0.000000000000000000e+00,0.000000000000000000e+00
0.000000000000000000e+00,1.000000000000000021e-02,8.035714285714284921e-01,8.888888888888889506e-01,4.784429552464527369e-05,1.286985807072407902e-02,0.000000000000000000e+00,0.000000000000000000e+00,9.996001599360216587e-05,0.000000000000000000e+00,0.000000000000000000e+00,0.000000000000000000e+00,0.000000000000000000e+00,0.000000000000000000e+00,1.329239276362149105e-05,0.000000000000000000e+00,0.000000000000000000e+00,1.000000000000000000e+00,9.882352941176471006e-01,2.302325581395348389e-02,1.000000000000000194e-02,1.995609658750818995e-06,0.000000000000000000e+00,0.000000000000000000e+00,0.000000000000000000e+00,0.000000000000000000e+00,0.000000000000000000e+00,0.000000000000000000e+00
0.000000000000000000e+00,0.000000000000000000e+00,3.392857142857142461e-01,8.888888888888889506e-01,1.366979872132705726e-04,1.286985807072407902e-02,0.000000000000000000e+00,0.000000000000000000e+00,9.996001599360216587e-05,3.384094754653129301e-03,0.000000000000000000e+00,0.000000000000000000e+00,0.000000000000000000e+00,0.000000000000000000e+00,1.329239276362149105e-05,0.000000000000000000e+00,5.853139411138800753e-05,9.803921568627452232e-02,1.000000000000000000e+00,2.325581395348836830e-02,0.000000000000000000e+00,7.982438635002652564e-06,2.111486486486476778e-05,0.000000000000000000e+00,0.000000000000000000e+00,0.000000000000000000e+00,0.000000000000000000e+00,0.000000000000000000e+00
0.000000000000000000e+00,0.000000000000000000e+00,3.392857142857142461e-01,8.888888888888889506e-01,1.941111418428443942e-04,1.286985807072407902e-02,0.000000000000000000e+00,0.000000000000000000e+00,4.998000799680129029e-04,1.692047377326564650e-03,0.000000000000000000e+00,0.000000000000000000e+00,0.000000000000000000e+00,0.000000000000000000e+00,1.329239276362149105e-05,0.000000000000000000e+00,0.000000000000000000e+00,1.000000000000000000e+00,1.000000000000000000e+00,2.325581395348836830e-02,0.000000000000000000e+00,0.000000000000000000e+00,0.000000000000000000e+00,0.000000000000000000e+00,0.000000000000000000e+00,0.000000000000000000e+00,0.000000000000000000e+00,0.000000000000000000e+00
0.000000000000000000e+00,0.000000000000000000e+00,3.392857142857142461e-01,8.888888888888889506e-01,8.429709211485053339e-05,1.286985807072407902e-02,0.000000000000000000e+00,0.000000000000000000e+00,9.996001599360216587e-05,5.922165820642977252e-03,0.000000000000000000e+00,0.000000000000000000e+00,0.000000000000000000e+00,0.000000000000000000e+00,1.329239276362149105e-05,0.000000000000000000e+00,2.305782192266666938e-05,1.000000000000000000e+00,1.000000000000000000e+00,2.325581395348836830e-02,0.000000000000000000e+00,0.000000000000000000e+00,0.000000000000000000e+00,0.000000000000000000e+00,0.000000000000000000e+00,0.000000000000000000e+00,0.000000000000000000e+00,0.000000000000000000e+00
0.000000000000000000e+00,0.000000000000000000e+00,3.392857142857142461e-01,8.888888888888889506e-01,1.385206270427811917e-04,1.286985807072407902e-02,0.000000000000000000e+00,0.000000000000000000e+00,6.997201119552171533e-04,2.538071065989847084e-03,0.000000000000000000e+00,0.000000000000000000e+00,0.000000000000000000e+00,0.000000000000000000e+00,1.329239276362149105e-05,0.000000000000000000e+00,0.000000000000000000e+00,2.078431372549019995e-01,1.000000000000000000e+00,2.325581395348836830e-02,0.000000000000000000e+00,3.991219317501326282e-06,8.445945945945844432e-06,0.000000000000000000e+00,0.000000000000000000e+00,0.000000000000000000e+00,0.000000000000000000e+00,0.000000000000000000e+00
0.000000000000000000e+00,0.000000000000000000e+00,3.392857142857142461e-01,8.888888888888889506e-01,1.366979872132705726e-04,1.286985807072407902e-02,0.000000000000000000e+00,0.000000000000000000e+00,1.999200319872063917e-04,4.230118443316407289e-04,0.000000000000000000e+00,0.000000000000000000e+00,0.000000000000000000e+00,0.000000000000000000e+00,1.329239276362149105e-05,0.000000000000000000e+00,0.000000000000000000e+00,1.176470588235293581e-02,1.000000000000000000e+00,2.325581395348836830e-02,0.000000000000000000e+00,6.585511873877483344e-05,1.266891891891892335e-05,0.000000000000000000e+00,0.000000000000000000e+00,0.000000000000000000e+00,0.000000000000000000e+00,0.000000000000000000e+00
0.000000000000000000e+00,0.000000000000000000e+00,3.392857142857142461e-01,8.888888888888889506e-01,1.275847880657192662e-04,1.286985807072407902e-02,0.000000000000000000e+00,0.000000000000000000e+00,9.996001599360216587e-05,0.000000000000000000e+00,0.000000000000000000e+00,0.000000000000000000e+00,0.000000000000000000e+00,0.000000000000000000e+00,1.329239276362149105e-05,0.000000000000000000e+00,0.000000000000000000e+00,1.176470588235294518e-01,1.000000000000000000e+00,2.325581395348836830e-02,0.000000000000000000e+00,5.986828976252144853e-06,2.111486486486476778e-05,0.000000000000000000e+00,0.000000000000000000e+00,0.000000000000000000e+00,0.000000000000000000e+00,0.000000000000000000e+00
0.000000000000000000e+00,0.000000000000000000e+00,8.928571428571427937e-01,8.888888888888889506e-01,0.000000000000000000e+00,1.286985807072407902e-02,0.000000000000000000e+00,0.000000000000000000e+00,9.996001599360216587e-05,0.000000000000000000e+00,0.000000000000000000e+00,0.000000000000000000e+00,0.000000000000000000e+00,0.000000000000000000e+00,1.329239276362149105e-05,0.000000000000000000e+00,0.000000000000000000e+00,2.784313725490196179e-01,4.470588235294117307e-01,9.069767441860467766e-03,7.000000000000002054e-02,1.995609658750818995e-06,1.266891891891892335e-05,0.000000000000000000e+00,0.000000000000000000e+00,0.000000000000000000e+00,0.000000000000000000e+00,0.000000000000000000e+00
0.000000000000000000e+00,1.000000000000000021e-02,8.035714285714284921e-01,8.888888888888889506e-01,4.784429552464527369e-05,1.286985807072407902e-02,0.000000000000000000e+00,0.000000000000000000e+00,9.996001599360216587e-05,0.000000000000000000e+00,0.000000000000000000e+00,0.000000000000000000e+00,0.000000000000000000e+00,0.000000000000000000e+00,1.329239276362149105e-05,0.000000000000000000e+00,0.000000000000000000e+00,1.000000000000000000e+00,9.921568627450979561e-01,2.302325581395348389e-02,1.000000000000000194e-02,1.995609658750818995e-06,0.000000000000000000e+00,0.000000000000000000e+00,0.000000000000000000e+00,0.000000000000000000e+00,0.000000000000000000e+00,0.000000000000000000e+00
0.000000000000000000e+00,1.999999999999999695e-02,1.785714285714286031e-01,8.888888888888889506e-01,1.366979872132697154e-05,1.286985807072407902e-02,0.000000000000000000e+00,0.000000000000000000e+00,9.996001599360216587e-05,0.000000000000000000e+00,0.000000000000000000e+00,0.000000000000000000e+00,0.000000000000000000e+00,0.000000000000000000e+00,1.329239276362149105e-05,0.000000000000000000e+00,0.000000000000000000e+00,1.294117647058823928e-01,1.294117647058823650e-01,2.325581395348836830e-02,0.000000000000000000e+00,1.995609658750747116e-04,0.000000000000000000e+00,0.000000000000000000e+00,0.000000000000000000e+00,0.000000000000000000e+00,0.000000000000000000e+00,0.000000000000000000e+00
0.000000000000000000e+00,0.000000000000000000e+00,3.392857142857142461e-01,8.888888888888889506e-01,1.098140497279938608e-04,1.286985807072407902e-02,0.000000000000000000e+00,0.000000000000000000e+00,1.999200319872063917e-04,4.230118443316407289e-04,0.000000000000000000e+00,0.000000000000000000e+00,0.000000000000000000e+00,0.000000000000000000e+00,1.329239276362149105e-05,0.000000000000000000e+00,0.000000000000000000e+00,2.352941176470587162e-02,1.000000000000000000e+00,2.325581395348836830e-02,0.000000000000000000e+00,3.392536419876267142e-05,2.533783783783784670e-05,0.000000000000000000e+00,0.000000000000000000e+00,0.000000000000000000e+00,0.000000000000000000e+00,0.000000000000000000e+00
0.000000000000000000e+00,0.000000000000000000e+00,3.392857142857142461e-01,8.888888888888889506e-01,1.316857276821176983e-04,1.286985807072407902e-02,0.000000000000000000e+00,0.000000000000000000e+00,9.996001599360216587e-05,0.000000000000000000e+00,0.000000000000000000e+00,0.000000000000000000e+00,0.000000000000000000e+00,0.000000000000000000e+00,1.329239276362149105e-05,0.000000000000000000e+00,0.000000000000000000e+00,3.921568627450950847e-03,1.000000000000000000e+00,2.325581395348836830e-02,0.000000000000000000e+00,1.995609658750747116e-04,3.378378378378400114e-05,0.000000000000000000e+00,0.000000000000000000e+00,0.000000000000000000e+00,0.000000000000000000e+00,0.000000000000000000e+00
0.000000000000000000e+00,0.000000000000000000e+00,3.392857142857142461e-01,8.888888888888889506e-01,2.485169407537254124e-03,1.000000000000000000e+00,2.000000000000000000e+00,3.164056320202499550e-04,0.000000000000000000e+00,1.269035532994923108e-03,0.000000000000000000e+00,0.000000000000000000e+00,0.000000000000000000e+00,0.000000000000000000e+00,1.329239276362149105e-05,0.000000000000000000e+00,0.000000000000000000e+00,1.000000000000000000e+00,3.921568627450976174e-02,2.325581395348836830e-02,0.000000000000000000e+00,0.000000000000000000e+00,0.000000000000000000e+00,0.000000000000000000e+00,0.000000000000000000e+00,3.333333333333346368e-05,4.930966469428341121e-05,-1.000000000000000000e+00
0.000000000000000000e+00,0.000000000000000000e+00,3.392857142857142461e-01,8.888888888888889506e-01,2.485625067494631833e-03,1.000000000000000000e+00,2.000000000000000000e+00,3.164056320202499550e-04,0.000000000000000000e+00,1.269035532994923108e-03,0.000000000000000000e+00,0.000000000000000000e+00,0.000000000000000000e+00,0.000000000000000000e+00,1.329239276362149105e-05,0.000000000000000000e+00,0.000000000000000000e+00,1.000000000000000000e+00,3.921568627450976174e-02,2.325581395348836830e-02,0.000000000000000000e+00,0.000000000000000000e+00,0.000000000000000000e+00,0.000000000000000000e+00,0.000000000000000000e+00,3.333333333333346368e-05,4.930966469428341121e-05,-1.000000000000000000e+00
0.000000000000000000e+00,0.000000000000000000e+00,3.392857142857142461e-01,3.333333333333333148e-01,2.486080727452009542e-03,8.780370459465960398e-01,1.000000000000000000e+00,1.582028160101249775e-04,0.000000000000000000e+00,1.269035532994923108e-03,0.000000000000000000e+00,0.000000000000000000e+00,9.750390015600624363e-05,6.847439057792404304e-05,1.329239276362149105e-05,0.000000000000000000e+00,0.000000000000000000e+00,1.000000000000000000e+00,3.921568627450976174e-02,2.325581395348836830e-02,0.000000000000000000e+00,0.000000000000000000e+00,0.000000000000000000e+00,0.000000000000000000e+00,0.000000000000000000e+00,3.333333333333346368e-05,4.930966469428341121e-05,-1.000000000000000000e+00
0.000000000000000000e+00,0.000000000000000000e+00,3.392857142857142461e-01,8.888888888888889506e-01,2.486536387409387251e-03,1.000000000000000000e+00,2.000000000000000000e+00,3.164056320202499550e-04,0.000000000000000000e+00,8.460236886632814578e-04,0.000000000000000000e+00,0.000000000000000000e+00,1.287051482059280887e-04,9.038619556285968693e-05,1.329239276362149105e-05,0.000000000000000000e+00,0.000000000000000000e+00,1.000000000000000000e+00,3.921568627450976174e-02,2.325581395348836830e-02,0.000000000000000000e+00,0.000000000000000000e+00,0.000000000000000000e+00,0.000000000000000000e+00,0.000000000000000000e+00,3.333333333333346368e-05,4.930966469428341121e-05,-1.000000000000000000e+00
0.000000000000000000e+00,0.000000000000000000e+00,3.392857142857142461e-01,8.888888888888889506e-01,2.486992047366764959e-03,1.000000000000000000e+00,2.000000000000000000e+00,3.164056320202499550e-04,0.000000000000000000e+00,8.460236886632814578e-04,0.000000000000000000e+00,0.000000000000000000e+00,1.287051482059280887e-04,9.038619556285968693e-05,1.329239276362149105e-05,0.000000000000000000e+00,0.000000000000000000e+00,1.000000000000000000e+00,3.921568627450976174e-02,2.325581395348836830e-02,0.000000000000000000e+00,0.000000000000000000e+00,0.000000000000000000e+00,0.000000000000000000e+00,0.000000000000000000e+00,3.333333333333346368e-05,4.930966469428341121e-05,-1.000000000000000000e+00
0.000000000000000000e+00,0.000000000000000000e+00,3.392857142857142461e-01,8.888888888888889506e-01,2.487447707324141801e-03,1.000000000000000000e+00,2.000000000000000000e+00,3.164056320202499550e-04,0.000000000000000000e+00,8.460236886632814578e-04,0.000000000000000000e+00,0.000000000000000000e+00,0.000000000000000000e+00,0.000000000000000000e+00,1.329239276362149105e-05,0.000000000000000000e+00,0.000000000000000000e+00,1.000000000000000000e+00,3.921568627450976174e-02,2.325581395348836830e-02,0.000000000000000000e+00,0.000000000000000000e+00,0.000000000000000000e+00,0.000000000000000000e+00,0.000000000000000000e+00,3.333333333333346368e-05,4.930966469428341121e-05,-1.000000000000000000e+00
0.000000000000000000e+00,0.000000000000000000e+00,3.392857142857142461e-01,8.888888888888889506e-01,2.487903367281519510e-03,1.000000000000000000e+00,2.000000000000000000e+00,3.164056320202499550e-04,0.000000000000000000e+00,1.269035532994923108e-03,0.000000000000000000e+00,0.000000000000000000e+00,0.000000000000000000e+00,0.000000000000000000e+00,1.329239276362149105e-05,0.000000000000000000e+00,0.000000000000000000e+00,1.000000000000000000e+00,3.921568627450976174e-02,2.325581395348836830e-02,0.000000000000000000e+00,0.000000000000000000e+00,0.000000000000000000e+00,0.000000000000000000e+00,0.000000000000000000e+00,3.333333333333346368e-05,4.930966469428341121e-05,-1.000000000000000000e+00
0.000000000000000000e+00,0.000000000000000000e+00,3.392857142857142461e-01,8.888888888888889506e-01,2.488359027238897219e-03,1.000000000000000000e+00,2.000000000000000000e+00,3.164056320202499550e-04,0.000000000000000000e+00,1.269035532994923108e-03,0.000000000000000000e+00,0.000000000000000000e+00,0.000000000000000000e+00,0.000000000000000000e+00,1.329239276362149105e-05,0.000000000000000000e+00,0.000000000000000000e+00,1.000000000000000000e+00,3.921568627450976174e-02,2.325581395348836830e-02,0.000000000000000000e+00,0.000000000000000000e+00,0.000000000000000000e+00,0.000000000000000000e+00,0.000000000000000000e+00,3.333333333333346368e-05,4.930966469428341121e-05,-1.000000000000000000e+00
0.000000000000000000e+00,0.000000000000000000e+00,3.392857142857142461e-01,8.888888888888889506e-01,2.488814687196274928e-03,1.000000000000000000e+00,2.000000000000000000e+00,3.164056320202499550e-04,0.000000000000000000e+00,1.269035532994923108e-03,0.000000000000000000e+00,0.000000000000000000e+00,0.000000000000000000e+00,0.000000000000000000e+00,1.329239276362149105e-05,0.000000000000000000e+00,0.000000000000000000e+00,1.000000000000000000e+00,3.921568627450976174e-02,2.325581395348836830e-02,0.000000000000000000e+00,0.000000000000000000e+00,0.000000000000000000e+00,0.000000000000000000e+00,0.000000000000000000e+00,3.333333333333346368e-05,4.930966469428341121e-05,-1.000000000000000000e+00
0.000000000000000000e+00,0.000000000000000000e+00,3.392857142857142461e-01,8.888888888888889506e-01,2.489270347153652637e-03,1.000000000000000000e+00,2.000000000000000000e+00,3.164056320202499550e-04,0.000000000000000000e+00,8.460236886632814578e-04,0.000000000000000000e+00,0.000000000000000000e+00,0.000000000000000000e+00,0.000000000000000000e+00,1.329239276362149105e-05,0.000000000000000000e+00,0.000000000000000000e+00,1.000000000000000000e+00,3.921568627450976174e-02,2.325581395348836830e-02,0.000000000000000000e+00,0.000000000000000000e+00,0.000000000000000000e+00,0.000000000000000000e+00,0.000000000000000000e+00,3.333333333333346368e-05,4.930966469428341121e-05,-1.000000000000000000e+00
0.000000000000000000e+00,0.000000000000000000e+00,3.392857142857142461e-01,8.888888888888889506e-01,2.489726007111029912e-03,1.000000000000000000e+00,2.000000000000000000e+00,3.164056320202499550e-04,0.000000000000000000e+00,1.269035532994923108e-03,0.000000000000000000e+00,0.000000000000000000e+00,0.000000000000000000e+00,0.000000000000000000e+00,1.329239276362149105e-05,0.000000000000000000e+00,0.000000000000000000e+00,1.000000000000000000e+00,3.921568627450976174e-02,2.325581395348836830e-02,0.000000000000000000e+00,0.000000000000000000e+00,0.000000000000000000e+00,0.000000000000000000e+00,0.000000000000000000e+00,3.333333333333346368e-05,4.930966469428341121e-05,-1.000000000000000000e+00
0.000000000000000000e+00,0.000000000000000000e+00,3.392857142857142461e-01,8.888888888888889506e-01,2.490181667068407621e-03,1.000000000000000000e+00,2.000000000000000000e+00,3.164056320202499550e-04,0.000000000000000000e+00,1.269035532994923108e-03,0.000000000000000000e+00,0.000000000000000000e+00,0.000000000000000000e+00,0.000000000000000000e+00,1.329239276362149105e-05,0.000000000000000000e+00,0.000000000000000000e+00,1.000000000000000000e+00,3.921568627450976174e-02,2.325581395348836830e-02,0.000000000000000000e+00,0.000000000000000000e+00,0.000000000000000000e+00,0.000000000000000000e+00,0.000000000000000000e+00,3.333333333333346368e-05,4.930966469428341121e-05,-1.000000000000000000e+00
0.000000000000000000e+00,0.000000000000000000e+00,3.392857142857142461e-01,8.888888888888889506e-01,2.490637327025784897e-03,1.000000000000000000e+00,2.000000000000000000e+00,3.164056320202499550e-04,0.000000000000000000e+00,1.269035532994923108e-03,0.000000000000000000e+00,0.000000000000000000e+00,0.000000000000000000e+00,0.000000000000000000e+00,1.329239276362149105e-05,0.000000000000000000e+00,0.000000000000000000e+00,1.000000000000000000e+00,3.921568627450976174e-02,2.325581395348836830e-02,0.000000000000000000e+00,0.000000000000000000e+00,0.000000000000000000e+00,0.000000000000000000e+00,0.000000000000000000e+00,3.333333333333346368e-05,4.930966469428341121e-05,-1.000000000000000000e+00
0.000000000000000000e+00,0.000000000000000000e+00,3.392857142857142461e-01,8.888888888888889506e-01,2.491092986983162606e-03,1.000000000000000000e+00,2.000000000000000000e+00,3.164056320202499550e-04,0.000000000000000000e+00,8.460236886632814578e-04,0.000000000000000000e+00,0.000000000000000000e+00,0.000000000000000000e+00,0.000000000000000000e+00,1.329239276362149105e-05,0.000000000000000000e+00,0.000000000000000000e+00,1.000000000000000000e+00,3.921568627450976174e-02,2.325581395348836830e-02,0.000000000000000000e+00,0.000000000000000000e+00,0.000000000000000000e+00,0.000000000000000000e+00,0.000000000000000000e+00,3.333333333333346368e-05,4.930966469428341121e-05,-1.000000000000000000e+00
0.000000000000000000e+00,0.000000000000000000e+00,3.392857142857142461e-01,8.888888888888889506e-01,2.491548646940540315e-03,1.000000000000000000e+00,2.000000000000000000e+00,3.164056320202499550e-04,0.000000000000000000e+00,1.269035532994923108e-03,0.000000000000000000e+00,0.000000000000000000e+00,0.000000000000000000e+00,0.000000000000000000e+00,1.329239276362149105e-05,0.000000000000000000e+00,0.000000000000000000e+00,1.000000000000000000e+00,3.921568627450976174e-02,2.325581395348836830e-02,0.000000000000000000e+00,0.000000000000000000e+00,0.000000000000000000e+00,0.000000000000000000e+00,0.000000000000000000e+00,3.333333333333346368e-05,4.930966469428341121e-05,-1.000000000000000000e+00
0.000000000000000000e+00,0.000000000000000000e+00,8.035714285714284921e-01,0.000000000000000000e+00,0.000000000000000000e+00,0.000000000000000000e+00,0.000000000000000000e+00,0.000000000000000000e+00,3.440623750499799405e-01,0.000000000000000000e+00,1.232177433550431418e-02,0.000000000000000000e+00,3.588143525741027771e-04,2.738975623116955216e-04,0.000000000000000000e+00,2.736726874657909774e-04,4.522880454061724009e-01,1.000000000000000000e+00,3.921568627451079217e-03,0.000000000000000000e+00,1.000000000000000000e+00,0.000000000000000000e+00,0.000000000000000000e+00,1.666666666666655227e-05,0.000000000000000000e+00,6.000000000000007064e-04,9.861932938856016184e-01,-2.000000000000000000e+00
0.000000000000000000e+00,0.000000000000000000e+00,8.035714285714284921e-01,0.000000000000000000e+00,0.000000000000000000e+00,0.000000000000000000e+00,0.000000000000000000e+00,0.000000000000000000e+00,3.441623350659735459e-01,0.000000000000000000e+00,1.249779968315437376e-02,0.000000000000000000e+00,3.627145085803431331e-04,2.738975623116955216e-04,0.000000000000000000e+00,2.736726874657909774e-04,4.524654132671160345e-01,1.000000000000000000e+00,3.921568627451079217e-03,0.000000000000000000e+00,1.000000000000000000e+00,0.000000000000000000e+00,0.000000000000000000e+00,1.666666666666655227e-05,0.000000000000000000e+00,6.000000000000007064e-04,9.871794871794872250e-01,-2.000000000000000000e+00
0.000000000000000000e+00,0.000000000000000000e+00,8.035714285714284921e-01,0.000000000000000000e+00,0.000000000000000000e+00,0.000000000000000000e+00,0.000000000000000000e+00,0.000000000000000000e+00,3.442622950819672067e-01,0.000000000000000000e+00,1.267382503080443680e-02,0.000000000000000000e+00,3.627145085803431331e-04,2.738975623116955216e-04,0.000000000000000000e+00,2.736726874657909774e-04,4.526427811280596125e-01,1.000000000000000000e+00,3.921568627451079217e-03,0.000000000000000000e+00,1.000000000000000000e+00,0.000000000000000000e+00,0.000000000000000000e+00,1.666666666666655227e-05,0.000000000000000000e+00,6.000000000000007064e-04,9.881656804733728316e-01,-2.000000000000000000e+00
0.000000000000000000e+00,0.000000000000000000e+00,7.499999999999998890e-01,0.000000000000000000e+00,0.000000000000000000e+00,0.000000000000000000e+00,0.000000000000000000e+00,0.000000000000000000e+00,3.443622550979607566e-01,0.000000000000000000e+00,1.284985037845449811e-02,0.000000000000000000e+00,3.627145085803431331e-04,2.738975623116955216e-04,0.000000000000000000e+00,2.736726874657909774e-04,4.528201489890032461e-01,1.000000000000000000e+00,3.921568627451079217e-03,0.000000000000000000e+00,1.000000000000000000e+00,0.000000000000000000e+00,0.000000000000000000e+00,1.166666666666674244e-05,0.000000000000000000e+00,6.200000000000002167e-04,9.891518737672585493e-01,-2.000000000000000000e+00
0.000000000000000000e+00,0.000000000000000000e+00,5.178571428571429047e-01,0.000000000000000000e+00,0.000000000000000000e+00,0.000000000000000000e+00,0.000000000000000000e+00,0.000000000000000000e+00,3.444622151139543620e-01,0.000000000000000000e+00,1.302587572610455942e-02,0.000000000000000000e+00,3.588143525741027771e-04,2.738975623116955216e-04,0.000000000000000000e+00,2.736726874657909774e-04,4.529975168499467686e-01,1.000000000000000000e+00,3.921568627451079217e-03,0.000000000000000000e+00,1.000000000000000000e+00,0.000000000000000000e+00,0.000000000000000000e+00,6.666666666666310046e-06,0.000000000000000000e+00,6.333333333333337296e-04,9.901380670611440449e-01,-2.000000000000000000e+00
0.000000000000000000e+00,0.000000000000000000e+00,8.035714285714284921e-01,0.000000000000000000e+00,0.000000000000000000e+00,0.000000000000000000e+00,0.000000000000000000e+00,0.000000000000000000e+00,3.445621751299479674e-01,0.000000000000000000e+00,1.320190107375462073e-02,0.000000000000000000e+00,3.627145085803431331e-04,2.738975623116955216e-04,0.000000000000000000e+00,2.736726874657909774e-04,4.531748847108904021e-01,1.000000000000000000e+00,3.921568627451079217e-03,0.000000000000000000e+00,1.000000000000000000e+00,0.000000000000000000e+00,0.000000000000000000e+00,6.666666666666310046e-06,0.000000000000000000e+00,6.333333333333337296e-04,9.911242603550297625e-01,-2.000000000000000000e+00
0.000000000000000000e+00,0.000000000000000000e+00,8.035714285714284921e-01,0.000000000000000000e+00,0.000000000000000000e+00,0.000000000000000000e+00,0.000000000000000000e+00,0.000000000000000000e+00,3.446621351459416283e-01,0.000000000000000000e+00,1.337792642140468204e-02,0.000000000000000000e+00,3.627145085803431331e-04,2.738975623116955216e-04,0.000000000000000000e+00,2.736726874657909774e-04,4.533522525718339802e-01,1.000000000000000000e+00,3.921568627451079217e-03,0.000000000000000000e+00,1.000000000000000000e+00,0.000000000000000000e+00,0.000000000000000000e+00,6.666666666666310046e-06,0.000000000000000000e+00,6.333333333333337296e-04,9.921104536489152581e-01,-2.000000000000000000e+00
0.000000000000000000e+00,0.000000000000000000e+00,8.035714285714284921e-01,0.000000000000000000e+00,0.000000000000000000e+00,0.000000000000000000e+00,0.000000000000000000e+00,0.000000000000000000e+00,3.447620951619351781e-01,0.000000000000000000e+00,1.355395176905474508e-02,0.000000000000000000e+00,3.627145085803431331e-04,2.738975623116955216e-04,0.000000000000000000e+00,2.736726874657909774e-04,4.535296204327776137e-01,1.000000000000000000e+00,3.921568627451079217e-03,0.000000000000000000e+00,1.000000000000000000e+00,0.000000000000000000e+00,0.000000000000000000e+00,6.666666666666310046e-06,0.000000000000000000e+00,6.266666666666667563e-04,9.930966469428007537e-01,-2.000000000000000000e+00
0.000000000000000000e+00,0.000000000000000000e+00,8.035714285714284921e-01,0.000000000000000000e+00,0.000000000000000000e+00,0.000000000000000000e+00,0.000000000000000000e+00,0.000000000000000000e+00,3.448620551779287835e-01,0.000000000000000000e+00,1.372997711670480639e-02,0.000000000000000000e+00,3.588143525741027771e-04,2.738975623116955216e-04,0.000000000000000000e+00,2.736726874657909774e-04,4.537069882937211363e-01,1.000000000000000000e+00,3.921568627451079217e-03,0.000000000000000000e+00,1.000000000000000000e+00,0.000000000000000000e+00,0.000000000000000000e+00,6.666666666666310046e-06,0.000000000000000000e+00,6.200000000000002167e-04,9.940828402366864713e-01,-2.000000000000000000e+00
0.000000000000000000e+00,0.000000000000000000e+00,8.035714285714284921e-01,0.000000000000000000e+00,0.000000000000000000e+00,0.000000000000000000e+00,0.000000000000000000e+00,0.000000000000000000e+00,3.449620151939223889e-01,0.000000000000000000e+00,1.390600246435486770e-02,0.000000000000000000e+00,3.588143525741027771e-04,2.738975623116955216e-04,0.000000000000000000e+00,2.736726874657909774e-04,4.538843561546648253e-01,1.000000000000000000e+00,3.921568627451079217e-03,0.000000000000000000e+00,1.000000000000000000e+00,0.000000000000000000e+00,0.000000000000000000e+00,4.999999999999810674e-06,0.000000000000000000e+00,6.200000000000002167e-04,9.950690335305719669e-01,-2.000000000000000000e+00
0.000000000000000000e+00,0.000000000000000000e+00,8.035714285714284921e-01,0.000000000000000000e+00,0.000000000000000000e+00,0.000000000000000000e+00,0.000000000000000000e+00,0.000000000000000000e+00,3.450619752099159387e-01,0.000000000000000000e+00,1.408202781200492727e-02,0.000000000000000000e+00,3.588143525741027771e-04,2.738975623116955216e-04,0.000000000000000000e+00,2.736726874657909774e-04,4.540617240156083478e-01,1.000000000000000000e+00,3.921568627451079217e-03,0.000000000000000000e+00,1.000000000000000000e+00,0.000000000000000000e+00,0.000000000000000000e+00,0.000000000000000000e+00,0.000000000000000000e+00,6.400000000000002692e-04,9.960552268244576846e-01,-2.000000000000000000e+00
0.000000000000000000e+00,0.000000000000000000e+00,8.035714285714284921e-01,0.000000000000000000e+00,0.000000000000000000e+00,0.000000000000000000e+00,0.000000000000000000e+00,0.000000000000000000e+00,3.451619352259095996e-01,0.000000000000000000e+00,1.425805315965498858e-02,0.000000000000000000e+00,3.588143525741027771e-04,2.738975623116955216e-04,0.000000000000000000e+00,2.736726874657909774e-04,4.542390918765519814e-01,1.000000000000000000e+00,3.921568627451079217e-03,0.000000000000000000e+00,1.000000000000000000e+00,0.000000000000000000e+00,0.000000000000000000e+00,0.000000000000000000e+00,0.000000000000000000e+00,6.400000000000002692e-04,9.970414201183432912e-01,-2.000000000000000000e+00
0.000000000000000000e+00,0.000000000000000000e+00,8.035714285714284921e-01,0.000000000000000000e+00,0.000000000000000000e+00,0.000000000000000000e+00,0.000000000000000000e+00,0.000000000000000000e+00,3.452618952419032050e-01,0.000000000000000000e+00,1.443407850730505336e-02,0.000000000000000000e+00,3.588143525741027771e-04,2.738975623116955216e-04,0.000000000000000000e+00,2.736726874657909774e-04,4.544164597374956149e-01,1.000000000000000000e+00,3.921568627451079217e-03,0.000000000000000000e+00,1.000000000000000000e+00,0.000000000000000000e+00,0.000000000000000000e+00,0.000000000000000000e+00,0.000000000000000000e+00,6.400000000000002692e-04,9.980276134122288978e-01,-2.000000000000000000e+00
0.000000000000000000e+00,0.000000000000000000e+00,8.035714285714284921e-01,0.000000000000000000e+00,0.000000000000000000e+00,0.000000000000000000e+00,0.000000000000000000e+00,0.000000000000000000e+00,3.453618552578967549e-01,0.000000000000000000e+00,1.461010385495511467e-02,0.000000000000000000e+00,3.588143525741027771e-04,2.738975623116955216e-04,0.000000000000000000e+00,2.736726874657909774e-04,4.545938275984391930e-01,1.000000000000000000e+00,3.921568627451079217e-03,0.000000000000000000e+00,1.000000000000000000e+00,0.000000000000000000e+00,0.000000000000000000e+00,0.000000000000000000e+00,0.000000000000000000e+00,6.400000000000002692e-04,9.990138067061145044e-01,-2.000000000000000000e+00
0.000000000000000000e+00,0.000000000000000000e+00,8.035714285714284921e-01,0.000000000000000000e+00,0.000000000000000000e+00,0.000000000000000000e+00,0.000000000000000000e+00,0.000000000000000000e+00,3.454618152738904158e-01,0.000000000000000000e+00,1.478612920260517771e-02,0.000000000000000000e+00,3.588143525741027771e-04,2.738975623116955216e-04,0.000000000000000000e+00,2.736726874657909774e-04,4.547711954593828265e-01,1.000000000000000000e+00,3.921568627451079217e-03,0.000000000000000000e+00,1.000000000000000000e+00,0.000000000000000000e+00,0.000000000000000000e+00,0.000000000000000000e+00,0.000000000000000000e+00,6.400000000000002692e-04,1.000000000000000000e+00,-2.000000000000000000e+00
0.000000000000000000e+00,7.999999999999998779e-02,7.142857142857141906e-01,0.000000000000000000e+00,0.000000000000000000e+00,8.419533317296127306e-01,4.230000000000000000e+02,6.691979117228286089e-02,9.996001599360216587e-05,2.956852791878172293e-01,0.000000000000000000e+00,0.000000000000000000e+00,3.900156006240249051e-02,1.369487811558476979e-02,1.329239276362149105e-05,0.000000000000000000e+00,0.000000000000000000e+00,0.000000000000000000e+00,1.411764705882353199e-01,8.139534883720929148e-01,2.000000000000000389e-02,9.978048293753742897e-04,0.000000000000000000e+00,1.000000000000000000e+00,0.000000000000000000e+00,7.999999999999997944e-05,7.692307692307732417e-04,-3.000000000000000000e+00
4.429133858267716994e-01,0.000000000000000000e+00,3.571428571428572618e-02,0.000000000000000000e+00,2.291969585609171165e-04,0.000000000000000000e+00,6.321000000000000000e+03,1.000000000000000000e+00,9.996001599360216587e-05,0.000000000000000000e+00,4.155958458017954271e-01,4.721435316336165811e-02,3.900156006240249745e-04,2.738975623116955216e-04,1.329239276362149105e-05,1.368363437328954102e-01,0.000000000000000000e+00,7.843137254901984962e-03,1.450980392156862586e-01,8.372093023255812172e-01,2.000000000000000389e-02,1.000000000000000000e+00,0.000000000000000000e+00,0.000000000000000000e+00,0.000000000000000000e+00,8.666666666666650548e-05,7.692307692307732417e-04,-3.000000000000000000e+00
0.000000000000000000e+00,0.000000000000000000e+00,0.000000000000000000e+00,0.000000000000000000e+00,0.000000000000000000e+00,0.000000000000000000e+00,0.000000000000000000e+00,0.000000000000000000e+00,9.996001599360216587e-05,0.000000000000000000e+00,0.000000000000000000e+00,4.721435316336166960e-04,3.900156006240249051e-02,2.738975623116955216e-04,9.304674934534965663e-03,0.000000000000000000e+00,1.000000000000000000e+00,1.000000000000000000e+00,1.450980392156862586e-01,8.604651162790697416e-01,2.000000000000000389e-02,9.978048293753742897e-04,0.000000000000000000e+00,0.000000000000000000e+00,0.000000000000000000e+00,8.666666666666650548e-05,7.692307692307692735e-02,-3.000000000000000000e+00
0.000000000000000000e+00,1.000000000000000000e+00,7.142857142857141906e-01,0.000000000000000000e+00,0.000000000000000000e+00,6.013952369497234107e-01,0.000000000000000000e+00,0.000000000000000000e+00,2.998800479808076333e-02,0.000000000000000000e+00,5.747227600774510448e-01,4.721435316336165811e-02,3.900156006240249051e-02,2.738975623116955216e-04,1.329239276362149105e-05,0.000000000000000000e+00,0.000000000000000000e+00,9.803921568627452232e-02,1.411764705882353199e-01,0.000000000000000000e+00,2.000000000000000389e-02,1.995609658750747116e-04,0.000000000000000000e+00,3.333333333333333287e-02,0.000000000000000000e+00,7.999999999999997944e-05,7.692307692307732417e-04,-3.000000000000000000e+00
4.921259842519684624e-02,0.000000000000000000e+00,7.142857142857141906e-01,0.000000000000000000e+00,0.000000000000000000e+00,0.000000000000000000e+00,2.000000000000000000e+03,3.164056320202499606e-01,9.996001599360216587e-05,0.000000000000000000e+00,0.000000000000000000e+00,0.000000000000000000e+00,0.000000000000000000e+00,2.738975623116955216e-04,1.329239276362149105e-05,1.094690749863163337e-01,0.000000000000000000e+00,1.000000000000000000e+00,0.000000000000000000e+00,0.000000000000000000e+00,2.000000000000000389e-02,0.000000000000000000e+00,4.222972972972972167e-02,0.000000000000000000e+00,1.267427122940431028e-01,8.666666666666650548e-05,7.692307692307732417e-04,-3.000000000000000000e+00
0.000000000000000000e+00,0.000000000000000000e+00,7.142857142857141906e-01,1.000000000000000000e+00,1.599366450395269543e-04,0.000000000000000000e+00,0.000000000000000000e+00,0.000000000000000000e+00,2.998800479808076402e-01,0.000000000000000000e+00,0.000000000000000000e+00,0.000000000000000000e+00,3.900156006240249051e-02,1.000000000000000000e+00,1.329239276362149105e-05,1.368363437328954102e-01,0.000000000000000000e+00,1.000000000000000000e+00,1.176470588235294240e-01,9.302325581395348708e-01,2.000000000000000389e-02,9.978048293753742897e-04,1.689189189189188867e-01,0.000000000000000000e+00,0.000000000000000000e+00,8.666666666666650548e-05,7.790927021696252008e-02,-3.000000000000000000e+00
1.000000000000000000e+00,0.000000000000000000e+00,7.142857142857141906e-01,0.000000000000000000e+00,9.113199147551401323e-05,0.000000000000000000e+00,0.000000000000000000e+00,0.000000000000000000e+00,9.996001599360216587e-05,0.000000000000000000e+00,0.000000000000000000e+00,1.000000000000000000e+00,3.900156006240249051e-02,2.738975623116955216e-04,1.000000000000000000e+00,0.000000000000000000e+00,0.000000000000000000e+00,7.843137254901961786e-01,1.529411764705882470e-01,9.534883720930231732e-01,2.000000000000000389e-02,9.978048293753739861e-03,0.000000000000000000e+00,6.666666666666666574e-02,1.000000000000000000e+00,8.666666666666668004e-03,7.790927021696233360e-04,-3.000000000000000000e+00
0.000000000000000000e+00,5.299999999999999156e-01,3.392857142857142461e-01,0.000000000000000000e+00,0.000000000000000000e+00,0.000000000000000000e+00,0.000000000000000000e+00,0.000000000000000000e+00,9.996001599360216587e-05,9.983079526226734668e-01,0.000000000000000000e+00,4.721435316336165811e-02,1.000000000000000000e+00,2.738975623116955216e-04,1.329239276362149105e-05,0.000000000000000000e+00,1.773678609435970152e-02,1.000000000000000000e+00,1.568627450980392690e-01,9.767441860465114756e-01,2.000000000000000389e-02,9.978048293753739861e-03,0.000000000000000000e+00,0.000000000000000000e+00,0.000000000000000000e+00,9.333333333333333481e-01,7.889546351084828629e-04,-3.000000000000000000e+00
0.000000000000000000e+00,6.999999999999999278e-02,7.142857142857141906e-01,7.777777777777777901e-01,0.000000000000000000e+00,0.000000000000000000e+00,3.600000000000000000e+02,5.695301376364499124e-02,9.996001599360216587e-05,1.000000000000000000e+00,0.000000000000000000e+00,4.721435316336165811e-02,3.900156006240249745e-03,2.738975623116955216e-04,1.329239276362149105e-05,1.000000000000000000e+00,0.000000000000000000e+00,9.803921568627452232e-02,1.607843137254902077e-01,1.000000000000000000e+00,2.000000000000000389e-02,9.978048293753742897e-04,1.000000000000000000e+00,0.000000000000000000e+00,0.000000000000000000e+00,9.333333333333303152e-05,7.889546351084812670e-02,-3.000000000000000000e+00
0.000000000000000000e+00,0.000000000000000000e+00,7.142857142857141906e-01,0.000000000000000000e+00,0.000000000000000000e+00,0.000000000000000000e+00,0.000000000000000000e+00,0.000000000000000000e+00,1.000000000000000000e+00,0.000000000000000000e+00,1.000000000000000000e+00,0.000000000000000000e+00,3.900156006240249051e-02,2.738975623116955216e-04,1.329239276362149105e-05,0.000000000000000000e+00,6.324937921248670047e-01,1.000000000000000000e+00,1.647058823529412019e-01,0.000000000000000000e+00,2.000000000000000389e-02,9.978048293753742637e-02,0.000000000000000000e+00,0.000000000000000000e+00,0.000000000000000000e+00,1.000000000000000000e+00,7.988165680473376194e-04,-3.000000000000000000e+00
0.000000000000000000e+00,0.000000000000000000e+00,3.392857142857142461e-01,8.888888888888889506e-01,1.120923495148816874e-04,1.286985807072407902e-02,0.000000000000000000e+00,0.000000000000000000e+00,2.998800479808085440e-04,1.269035532994923108e-03,0.000000000000000000e+00,0.000000000000000000e+00,0.000000000000000000e+00,0.000000000000000000e+00,1.329239276362149105e-05,0.000000000000000000e+00,8.868393047179945411e-05,1.000000000000000000e+00,1.000000000000000000e+00,2.325581395348836830e-02,0.000000000000000000e+00,0.000000000000000000e+00,0.000000000000000000e+00,0.000000000000000000e+00,0.000000000000000000e+00,0.000000000000000000e+00,0.000000000000000000e+00,1.000000000000000000e+00
0.000000000000000000e+00,0.000000000000000000e+00,3.392857142857142461e-01,8.888888888888889506e-01,1.111810296001272588e-04,1.286985807072407902e-02,0.000000000000000000e+00,0.000000000000000000e+00,1.099560175929627931e-03,4.653130287648053059e-03,0.000000000000000000e+00,0.000000000000000000e+00,0.000000000000000000e+00,0.000000000000000000e+00,1.329239276362149105e-05,0.000000000000000000e+00,3.015253636041145336e-05,1.000000000000000000e+00,1.000000000000000000e+00,2.325581395348836830e-02,0.000000000000000000e+00,0.000000000000000000e+00,0.000000000000000000e+00,0.000000000000000000e+00,0.000000000000000000e+00,0.000000000000000000e+00,0.000000000000000000e+00,1.000000000000000000e+00
0.000000000000000000e+00,0.000000000000000000e+00,3.392857142857142461e-01,8.888888888888889506e-01,1.098140497279938608e-04,1.286985807072407902e-02,0.000000000000000000e+00,0.000000000000000000e+00,1.999200319872051611e-03,8.883248730964465878e-03,0.000000000000000000e+00,0.000000000000000000e+00,0.000000000000000000e+00,0.000000000000000000e+00,1.329239276362149105e-05,0.000000000000000000e+00,1.596310748492447054e-05,1.000000000000000000e+00,1.000000000000000000e+00,2.325581395348836830e-02,0.000000000000000000e+00,0.000000000000000000e+00,0.000000000000000000e+00,0.000000000000000000e+00,0.000000000000000000e+00,0.000000000000000000e+00,0.000000000000000000e+00,1.000000000000000000e+00
0.000000000000000000e+00,0.000000000000000000e+00,3.392857142857142461e-01,8.888888888888889506e-01,1.111810296001272588e-04,1.286985807072407902e-02,0.000000000000000000e+00,0.000000000000000000e+00,2.998800479808077200e-03,1.311336717428088043e-02,0.000000000000000000e+00,0.000000000000000000e+00,0.000000000000000000e+00,0.000000000000000000e+00,1.329239276362149105e-05,0.000000000000000000e+00,1.064207165661717597e-05,1.000000000000000000e+00,1.000000000000000000e+00,2.325581395348836830e-02,0.000000000000000000e+00,0.000000000000000000e+00,0.000000000000000000e+00,0.000000000000000000e+00,0.000000000000000000e+00,0.000000000000000000e+00,0.000000000000000000e+00,1.000000000000000000e+00
0.000000000000000000e+00,0.000000000000000000e+00,3.392857142857142461e-01,8.888888888888889506e-01,1.120923495148816874e-04,1.286985807072407902e-02,0.000000000000000000e+00,0.000000000000000000e+00,3.998400639744103223e-03,1.734348561759729151e-02,0.000000000000000000e+00,0.000000000000000000e+00,0.000000000000000000e+00,0.000000000000000000e+00,1.329239276362149105e-05,0.000000000000000000e+00,8.868393047179686558e-06,1.000000000000000000e+00,1.000000000000000000e+00,2.325581395348836830e-02,0.000000000000000000e+00,0.000000000000000000e+00,0.000000000000000000e+00,0.000000000000000000e+00,0.000000000000000000e+00,0.000000000000000000e+00,0.000000000000000000e+00,1.000000000000000000e+00
0.000000000000000000e+00,0.000000000000000000e+00,3.392857142857142461e-01,8.888888888888889506e-01,1.531017456788634609e-04,1.286985807072407902e-02,0.000000000000000000e+00,0.000000000000000000e+00,5.997600959616150281e-04,2.115059221658205542e-03,0.000000000000000000e+00,0.000000000000000000e+00,0.000000000000000000e+00,0.000000000000000000e+00,1.329239276362149105e-05,0.000000000000000000e+00,0.000000000000000000e+00,4.078431372549020106e-01,1.000000000000000000e+00,2.325581395348836830e-02,0.000000000000000000e+00,1.995609658750818995e-06,4.222972972972764668e-06,0.000000000000000000e+00,0.000000000000000000e+00,0.000000000000000000e+00,0.000000000000000000e+00,1.000000000000000000e+00
0.000000000000000000e+00,0.000000000000000000e+00,3.392857142857142461e-01,8.888888888888889506e-01,1.262178081935867355e-04,1.286985807072407902e-02,0.000000000000000000e+00,0.000000000000000000e+00,2.998800479808085440e-04,1.692047377326564650e-03,0.000000000000000000e+00,0.000000000000000000e+00,0.000000000000000000e+00,0.000000000000000000e+00,1.329239276362149105e-05,0.000000000000000000e+00,1.064207165661588408e-04,8.117647058823530548e-01,1.000000000000000000e+00,2.325581395348836830e-02,0.000000000000000000e+00,0.000000000000000000e+00,8.445945945945844432e-06,0.000000000000000000e+00,0.000000000000000000e+00,0.000000000000000000e+00,0.000000000000000000e+00,1.000000000000000000e+00
0.000000000000000000e+00,0.000000000000000000e+00,3.392857142857142461e-01,8.888888888888889506e-01,8.748671181649366954e-05,1.286985807072407902e-02,0.000000000000000000e+00,0.000000000000000000e+00,7.996801279488214469e-04,5.076142131979694168e-03,0.000000000000000000e+00,0.000000000000000000e+00,0.000000000000000000e+00,0.000000000000000000e+00,1.329239276362149105e-05,0.000000000000000000e+00,5.498403689251561385e-05,1.647058823529412019e-01,9.803921568627450567e-01,2.325581395348836830e-02,0.000000000000000000e+00,3.991219317501326282e-06,4.222972972972764668e-06,0.000000000000000000e+00,0.000000000000000000e+00,0.000000000000000000e+00,0.000000000000000000e+00,1.000000000000000000e+00
0.000000000000000000e+00,1.000000000000000021e-02,8.035714285714284921e-01,8.888888888888889506e-01,4.784429552464527369e-05,1.286985807072407902e-02,0.000000000000000000e+00,0.000000000000000000e+00,9.996001599360216587e-05,0.000000000000000000e+00,0.000000000000000000e+00,0.000000000000000000e+00,0.000000000000000000e+00,0.000000000000000000e+00,1.329239276362149105e-05,0.000000000000000000e+00,0.000000000000000000e+00,1.000000000000000000e+00,9.882352941176471006e-01,2.302325581395348389e-02,1.000000000000000194e-02,0.000000000000000000e+00,0.000000000000000000e+00,0.000000000000000000e+00,0.000000000000000000e+00,0.000000000000000000e+00,0.000000000000000000e+00,-4.000000000000000000e+00
0.000000000000000000e+00,0.000000000000000000e+00,3.392857142857142461e-01,8.888888888888889506e-01,9.386595121977906093e-05,1.286985807072407902e-02,0.000000000000000000e+00,0.000000000000000000e+00,6.997201119552171533e-04,2.538071065989847084e-03,0.000000000000000000e+00,0.000000000000000000e+00,0.000000000000000000e+00,0.000000000000000000e+00,1.329239276362149105e-05,0.000000000000000000e+00,0.000000000000000000e+00,1.000000000000000000e+00,1.000000000000000000e+00,2.325581395348836830e-02,0.000000000000000000e+00,0.000000000000000000e+00,0.000000000000000000e+00,0.000000000000000000e+00,0.000000000000000000e+00,0.000000000000000000e+00,0.000000000000000000e+00,1.000000000000000000e+00
0.000000000000000000e+00,1.000000000000000021e-02,8.035714285714284921e-01,8.888888888888889506e-01,4.784429552464527369e-05,1.286985807072407902e-02,0.000000000000000000e+00,0.000000000000000000e+00,9.996001599360216587e-05,0.000000000000000000e+00,0.000000000000000000e+00,0.000000000000000000e+00,0.000000000000000000e+00,0.000000000000000000e+00,1.329239276362149105e-05,0.000000000000000000e+00,0.000000000000000000e+00,1.000000000000000000e+00,9.882352941176471006e-01,2.302325581395348389e-02,1.000000000000000194e-02,1.995609658750818995e-06,0.000000000000000000e+00,0.000000000000000000e+00,0.000000000000000000e+00,0.000000000000000000e+00,0.000000000000000000e+00,1.000000000000000000e+00
0.000000000000000000e+00,0.000000000000000000e+00,3.392857142857142461e-01,8.888888888888889506e-01,1.052574501542181940e-04,1.286985807072407902e-02,0.000000000000000000e+00,0.000000000000000000e+00,5.997600959616150281e-04,2.115059221658205542e-03,0.000000000000000000e+00,0.000000000000000000e+00,0.000000000000000000e+00,0.000000000000000000e+00,1.329239276362149105e-05,0.000000000000000000e+00,0.000000000000000000e+00,1.411764705882353199e-01,1.000000000000000000e+00,2.325581395348836830e-02,0.000000000000000000e+00,5.986828976252144853e-06,8.445945945945844432e-06,0.000000000000000000e+00,0.000000000000000000e+00,0.000000000000000000e+00,0.000000000000000000e+00,1.000000000000000000e+00
0.000000000000000000e+00,0.000000000000000000e+00,3.392857142857142461e-01,8.888888888888889506e-01,1.339640274690055385e-04,1.286985807072407902e-02,0.000000000000000000e+00,0.000000000000000000e+00,4.998000799680129029e-04,1.692047377326564650e-03,0.000000000000000000e+00,0.000000000000000000e+00,0.000000000000000000e+00,0.000000000000000000e+00,1.329239276362149105e-05,0.000000000000000000e+00,0.000000000000000000e+00,2.000000000000000111e-01,1.000000000000000000e+00,2.325581395348836830e-02,0.000000000000000000e+00,3.991219317501326282e-06,4.222972972972764668e-06,0.000000000000000000e+00,1.267427122940427322e-05,0.000000000000000000e+00,0.000000000000000000e+00,1.000000000000000000e+00
0.000000000000000000e+00,0.000000000000000000e+00,3.392857142857142461e-01,8.888888888888889506e-01,1.353310073411380691e-04,1.286985807072407902e-02,0.000000000000000000e+00,0.000000000000000000e+00,1.499400239904038600e-03,5.922165820642977252e-03,0.000000000000000000e+00,0.000000000000000000e+00,0.000000000000000000e+00,0.000000000000000000e+00,1.329239276362149105e-05,0.000000000000000000e+00,0.000000000000000000e+00,2.392156862745098422e-01,1.000000000000000000e+00,2.325581395348836830e-02,0.000000000000000000e+00,3.991219317501326282e-06,4.222972972972764668e-06,0.000000000000000000e+00,1.267427122940427322e-05,0.000000000000000000e+00,0.000000000000000000e+00,1.000000000000000000e+00
0.000000000000000000e+00,0.000000000000000000e+00,3.392857142857142461e-01,8.888888888888889506e-01,1.403432668722909434e-04,1.286985807072407902e-02,0.000000000000000000e+00,0.000000000000000000e+00,7.996801279488214469e-04,3.384094754653129301e-03,0.000000000000000000e+00,0.000000000000000000e+00,0.000000000000000000e+00,0.000000000000000000e+00,1.329239276362149105e-05,0.000000000000000000e+00,3.902092940759113992e-05,2.235294117647058654e-01,1.000000000000000000e+00,2.325581395348836830e-02,0.000000000000000000e+00,3.991219317501326282e-06,8.445945945945844432e-06,0.000000000000000000e+00,0.000000000000000000e+00,0.000000000000000000e+00,0.000000000000000000e+00,1.000000000000000000e+00
0.000000000000000000e+00,0.000000000000000000e+00,3.392857142857142461e-01,8.888888888888889506e-01,1.430772266165568449e-04,1.286985807072407902e-02,0.000000000000000000e+00,0.000000000000000000e+00,1.999200319872063917e-04,7.614213197969542553e-03,0.000000000000000000e+00,0.000000000000000000e+00,0.000000000000000000e+00,0.000000000000000000e+00,1.329239276362149105e-05,0.000000000000000000e+00,2.837885775097655078e-05,2.470588235294117474e-01,1.000000000000000000e+00,2.325581395348836830e-02,0.000000000000000000e+00,3.991219317501326282e-06,4.222972972972764668e-06,0.000000000000000000e+00,1.267427122940427322e-05,0.000000000000000000e+00,0.000000000000000000e+00,1.000000000000000000e+00
0.000000000000000000e+00,0.000000000000000000e+00,3.392857142857142461e-01,8.888888888888889506e-01,1.389762870001584128e-04,1.286985807072407902e-02,0.000000000000000000e+00,0.000000000000000000e+00,2.099160335865653520e-03,1.184433164128595450e-02,0.000000000000000000e+00,0.000000000000000000e+00,0.000000000000000000e+00,0.000000000000000000e+00,1.329239276362149105e-05,0.000000000000000000e+00,1.773678609435937312e-05,2.745098039215686514e-01,1.000000000000000000e+00,2.325581395348836830e-02,0.000000000000000000e+00,1.995609658750818995e-06,8.445945945945844432e-06,0.000000000000000000e+00,0.000000000000000000e+00,0.000000000000000000e+00,0.000000000000000000e+00,1.000000000000000000e+00
0.000000000000000000e+00,0.000000000000000000e+00,8.928571428571427937e-01,8.888888888888889506e-01,0.000000000000000000e+00,1.286985807072407902e-02,0.000000000000000000e+00,0.000000000000000000e+00,9.996001599360216587e-05,4.230118443316407289e-04,0.000000000000000000e+00,0.000000000000000000e+00,0.000000000000000000e+00,0.000000000000000000e+00,1.329239276362149105e-05,0.000000000000000000e+00,1.773678609435963332e-04,8.588235294117647634e-01,6.980392156862745834e-01,1.883720930232557836e-02,2.000000000000000389e-02,0.000000000000000000e+00,0.000000000000000000e+00,0.000000000000000000e+00,1.267427122940427322e-05,0.000000000000000000e+00,9.861932938859504895e-06,1.000000000000000000e+00
0.000000000000000000e+00,0.000000000000000000e+00,3.392857142857142461e-01,8.888888888888889506e-01,1.057131101115962960e-04,1.286985807072407902e-02,0.000000000000000000e+00,0.000000000000000000e+00,4.998000799680129029e-04,2.115059221658205542e-03,0.000000000000000000e+00,0.000000000000000000e+00,0.000000000000000000e+00,0.000000000000000000e+00,1.329239276362149105e-05,0.000000000000000000e+00,5.853139411138800753e-05,3.411764705882353033e-01,1.000000000000000000e+00,2.325581395348836830e-02,0.000000000000000000e+00,1.995609658750818995e-06,1.266891891891892335e-05,0.000000000000000000e+00,0.000000000000000000e+00,0.000000000000000000e+00,0.000000000000000000e+00,1.000000000000000000e+00
0.000000000000000000e+00,0.000000000000000000e+00,3.392857142857142461e-01,8.888888888888889506e-01,1.093583897706166397e-04,1.286985807072407902e-02,0.000000000000000000e+00,0.000000000000000000e+00,1.499400239904038600e-03,6.345177664974618360e-03,0.000000000000000000e+00,0.000000000000000000e+00,0.000000000000000000e+00,0.000000000000000000e+00,1.329239276362149105e-05,0.000000000000000000e+00,2.128414331323176680e-05,3.803921568627451344e-01,1.000000000000000000e+00,2.325581395348836830e-02,0.000000000000000000e+00,1.995609658750818995e-06,1.266891891891892335e-05,0.000000000000000000e+00,0.000000000000000000e+00,0.000000000000000000e+00,0.000000000000000000e+00,1.000000000000000000e+00
0.000000000000000000e+00,0.000000000000000000e+00,3.392857142857142461e-01,8.888888888888889506e-01,1.107253696427491703e-04,1.286985807072407902e-02,0.000000000000000000e+00,0.000000000000000000e+00,2.499000399840064189e-03,1.057529610829103031e-02,0.000000000000000000e+00,0.000000000000000000e+00,0.000000000000000000e+00,0.000000000000000000e+00,1.329239276362149105e-05,0.000000000000000000e+00,1.418942887548698282e-05,4.196078431372549100e-01,1.000000000000000000e+00,2.325581395348836830e-02,0.000000000000000000e+00,1.995609658750818995e-06,1.266891891891892335e-05,0.000000000000000000e+00,0.000000000000000000e+00,0.000000000000000000e+00,0.000000000000000000e+00,1.000000000000000000e+00
2.460629921259842312e-02,0.000000000000000000e+00,3.392857142857142461e-01,8.888888888888889506e-01,1.307744077673624159e-04,1.286985807072407902e-02,0.000000000000000000e+00,0.000000000000000000e+00,4.998000799680129029e-04,1.692047377326564650e-03,0.000000000000000000e+00,0.000000000000000000e+00,0.000000000000000000e+00,0.000000000000000000e+00,1.329239276362149105e-05,0.000000000000000000e+00,0.000000000000000000e+00,1.000000000000000000e+00,1.000000000000000000e+00,2.325581395348836830e-02,0.000000000000000000e+00,0.000000000000000000e+00,0.000000000000000000e+00,0.000000000000000000e+00,0.000000000000000000e+00,0.000000000000000000e+00,0.000000000000000000e+00,1.000000000000000000e+00
0.000000000000000000e+00,0.000000000000000000e+00,8.928571428571427937e-01,8.888888888888889506e-01,7.568511892041402105e-04,1.286985807072407902e-02,0.000000000000000000e+00,0.000000000000000000e+00,9.996001599360216587e-05,0.000000000000000000e+00,0.000000000000000000e+00,0.000000000000000000e+00,0.000000000000000000e+00,0.000000000000000000e+00,1.329239276362149105e-05,0.000000000000000000e+00,0.000000000000000000e+00,1.000000000000000000e+00,6.039215686274510553e-01,1.395348837209301959e-02,2.000000000000000389e-02,0.000000000000000000e+00,0.000000000000000000e+00,0.000000000000000000e+00,0.000000000000000000e+00,0.000000000000000000e+00,0.000000000000000000e+00,1.000000000000000000e+00
0.000000000000000000e+00,0.000000000000000000e+00,8.928571428571427937e-01,8.888888888888889506e-01,2.203571553877917578e-03,1.286985807072407902e-02,0.000000000000000000e+00,0.000000000000000000e+00,9.996001599360216587e-05,4.230118443316407289e-04,0.000000000000000000e+00,0.000000000000000000e+00,0.000000000000000000e+00,0.000000000000000000e+00,1.329239276362149105e-05,0.000000000000000000e+00,1.773678609435963332e-04,8.431372549019607865e-01,5.607843137254902022e-01,1.558139534883720700e-02,2.000000000000000389e-02,0.000000000000000000e+00,0.000000000000000000e+00,0.000000000000000000e+00,0.000000000000000000e+00,6.666666666666523499e-06,9.861932938859504895e-06,1.000000000000000000e+00
0.000000000000000000e+00,1.000000000000000021e-02,8.035714285714284921e-01,8.888888888888889506e-01,4.784429552464527369e-05,1.286985807072407902e-02,0.000000000000000000e+00,0.000000000000000000e+00,9.996001599360216587e-05,0.000000000000000000e+00,0.000000000000000000e+00,0.000000000000000000e+00,0.000000000000000000e+00,0.000000000000000000e+00,1.329239276362149105e-05,0.000000000000000000e+00,0.000000000000000000e+00,1.000000000000000000e+00,9.882352941176471006e-01,2.302325581395348389e-02,1.000000000000000194e-02,1.995609658750818995e-06,0.000000000000000000e+00,0.000000000000000000e+00,0.000000000000000000e+00,0.000000000000000000e+00,0.000000000000000000e+00,-4.000000000000000000e+00
0.000000000000000000e+00,1.000000000000000021e-02,8.035714285714284921e-01,8.888888888888889506e-01,4.784429552464527369e-05,1.286985807072407902e-02,0.000000000000000000e+00,0.000000000000000000e+00,9.996001599360216587e-05,0.000000000000000000e+00,0.000000000000000000e+00,0.000000000000000000e+00,0.000000000000000000e+00,0.000000000000000000e+00,1.329239276362149105e-05,0.000000000000000000e+00,0.000000000000000000e+00,1.000000000000000000e+00,9.882352941176471006e-01,2.302325581395348389e-02,1.000000000000000194e-02,0.000000000000000000e+00,0.000000000000000000e+00,0.000000000000000000e+00,0.000000000000000000e+00,0.000000000000000000e+00,0.000000000000000000e+00,-4.000000000000000000e+00
0.000000000000000000e+00,0.000000000000000000e+00,3.392857142857142461e-01,8.888888888888889506e-01,1.435328865739340660e-04,1.286985807072407902e-02,0.000000000000000000e+00,0.000000000000000000e+00,5.997600959616150281e-04,2.115059221658205542e-03,0.000000000000000000e+00,0.000000000000000000e+00,0.000000000000000000e+00,0.000000000000000000e+00,1.329239276362149105e-05,0.000000000000000000e+00,0.000000000000000000e+00,1.000000000000000000e+00,1.000000000000000000e+00,2.325581395348836830e-02,0.000000000000000000e+00,0.000000000000000000e+00,0.000000000000000000e+00,0.000000000000000000e+00,0.000000000000000000e+00,0.000000000000000000e+00,0.000000000000000000e+00,1.000000000000000000e+00
0.000000000000000000e+00,0.000000000000000000e+00,3.392857142857142461e-01,8.888888888888889506e-01,1.430772266165568449e-04,1.286985807072407902e-02,0.000000000000000000e+00,0.000000000000000000e+00,1.599360255897640725e-03,6.345177664974618360e-03,0.000000000000000000e+00,0.000000000000000000e+00,0.000000000000000000e+00,0.000000000000000000e+00,1.329239276362149105e-05,0.000000000000000000e+00,0.000000000000000000e+00,1.000000000000000000e+00,1.000000000000000000e+00,2.325581395348836830e-02,0.000000000000000000e+00,0.000000000000000000e+00,0.000000000000000000e+00,0.000000000000000000e+00,0.000000000000000000e+00,0.000000000000000000e+00,0.000000000000000000e+00,1.000000000000000000e+00
0.000000000000000000e+00,1.000000000000000021e-02,8.035714285714284921e-01,8.888888888888889506e-01,4.784429552464527369e-05,1.286985807072407902e-02,0.000000000000000000e+00,0.000000000000000000e+00,9.996001599360216587e-05,0.000000000000000000e+00,0.000000000000000000e+00,0.000000000000000000e+00,0.000000000000000000e+00,0.000000000000000000e+00,1.329239276362149105e-05,0.000000000000000000e+00,0.000000000000000000e+00,1.000000000000000000e+00,9.882352941176471006e-01,2.302325581395348389e-02,1.000000000000000194e-02,0.000000000000000000e+00,0.000000000000000000e+00,0.000000000000000000e+00,0.000000000000000000e+00,0.000000000000000000e+00,0.000000000000000000e+00,1.000000000000000000e+00
1.968503937007873555e-03,0.000000000000000000e+00,8.928571428571427937e-01,8.888888888888889506e-01,4.520146777185470553e-03,1.286985807072407902e-02,0.000000000000000000e+00,0.000000000000000000e+00,9.996001599360216587e-05,1.269035532994923108e-03,0.000000000000000000e+00,0.000000000000000000e+00,0.000000000000000000e+00,0.000000000000000000e+00,1.329239276362149105e-05,0.000000000000000000e+00,1.773678609435963332e-04,1.000000000000000000e+00,6.823529411764704955e-01,1.581395348837209142e-02,1.000000000000000194e-02,0.000000000000000000e+00,0.000000000000000000e+00,0.000000000000000000e+00,0.000000000000000000e+00,0.000000000000000000e+00,0.000000000000000000e+00,1.000000000000000000e+00
0.000000000000000000e+00,0.000000000000000000e+00,3.392857142857142461e-01,8.888888888888889506e-01,1.403432668722909434e-04,1.286985807072407902e-02,0.000000000000000000e+00,0.000000000000000000e+00,3.998400639744107234e-04,1.269035532994923108e-03,0.000000000000000000e+00,0.000000000000000000e+00,0.000000000000000000e+00,0.000000000000000000e+00,1.329239276362149105e-05,0.000000000000000000e+00,0.000000000000000000e+00,2.980392156862745057e-01,1.000000000000000000e+00,2.325581395348836830e-02,0.000000000000000000e+00,1.995609658750818995e-06,8.445945945945844432e-06,0.000000000000000000e+00,0.000000000000000000e+00,0.000000000000000000e+00,0.000000000000000000e+00,1.000000000000000000e+00
0.000000000000000000e+00,0.000000000000000000e+00,3.392857142857142461e-01,8.888888888888889506e-01,1.403432668722909434e-04,1.286985807072407902e-02,0.000000000000000000e+00,0.000000000000000000e+00,1.299480207916834350e-03,5.499153976311337011e-03,0.000000000000000000e+00,0.000000000000000000e+00,0.000000000000000000e+00,0.000000000000000000e+00,1.329239276362149105e-05,0.000000000000000000e+00,2.483150053210416049e-05,3.333333333333333703e-01,1.000000000000000000e+00,2.325581395348836830e-02,0.000000000000000000e+00,1.995609658750818995e-06,8.445945945945844432e-06,0.000000000000000000e+00,0.000000000000000000e+00,0.000000000000000000e+00,0.000000000000000000e+00,1.000000000000000000e+00
0.000000000000000000e+00,0.000000000000000000e+00,3.392857142857142461e-01,8.888888888888889506e-01,1.407989268296690319e-04,1.286985807072407902e-02,0.000000000000000000e+00,0.000000000000000000e+00,2.299080367852857770e-03,9.729272419627749829e-03,0.000000000000000000e+00,0.000000000000000000e+00,0.000000000000000000e+00,0.000000000000000000e+00,1.329239276362149105e-05,0.000000000000000000e+00,1.418942887548698282e-05,3.725490196078432015e-01,1.000000000000000000e+00,2.325581395348836830e-02,0.000000000000000000e+00,1.995609658750818995e-06,8.445945945945844432e-06,0.000000000000000000e+00,0.000000000000000000e+00,0.000000000000000000e+00,0.000000000000000000e+00,1.000000000000000000e+00
0.000000000000000000e+00,0.000000000000000000e+00,2.678571428571428492e-01,8.888888888888889506e-01,3.371883684594003446e-04,1.286985807072407902e-02,0.000000000000000000e+00,0.000000000000000000e+00,1.999200319872063917e-04,4.230118443316407289e-04,0.000000000000000000e+00,0.000000000000000000e+00,0.000000000000000000e+00,0.000000000000000000e+00,1.329239276362149105e-05,0.000000000000000000e+00,0.000000000000000000e+00,8.588235294117647634e-01,2.313725490196078538e-01,6.279069767441856562e-03,2.000000000000000389e-02,5.388146078627023880e-05,0.000000000000000000e+00,0.000000000000000000e+00,0.000000000000000000e+00,6.666666666666523499e-06,0.000000000000000000e+00,1.000000000000000000e+00
0.000000000000000000e+00,0.000000000000000000e+00,3.392857142857142461e-01,8.888888888888889506e-01,9.614425100666688755e-05,1.286985807072407902e-02,0.000000000000000000e+00,0.000000000000000000e+00,2.998800479808085440e-04,8.460236886632814578e-04,0.000000000000000000e+00,0.000000000000000000e+00,0.000000000000000000e+00,0.000000000000000000e+00,1.329239276362149105e-05,0.000000000000000000e+00,0.000000000000000000e+00,1.882352941176470562e-01,1.000000000000000000e+00,2.325581395348836830e-02,0.000000000000000000e+00,3.991219317501326282e-06,1.689189189189200057e-05,0.000000000000000000e+00,0.000000000000000000e+00,0.000000000000000000e+00,0.000000000000000000e+00,1.000000000000000000e+00
0.000000000000000000e+00,0.000000000000000000e+00,3.392857142857142461e-01,8.888888888888889506e-01,9.842255079355471416e-05,1.286985807072407902e-02,0.000000000000000000e+00,0.000000000000000000e+00,9.996001599360216587e-05,0.000000000000000000e+00,0.000000000000000000e+00,0.000000000000000000e+00,0.000000000000000000e+00,0.000000000000000000e+00,1.329239276362149105e-05,0.000000000000000000e+00,0.000000000000000000e+00,3.921568627450984501e-02,1.000000000000000000e+00,2.325581395348836830e-02,0.000000000000000000e+00,1.995609658750725228e-05,1.689189189189200057e-05,0.000000000000000000e+00,0.000000000000000000e+00,0.000000000000000000e+00,0.000000000000000000e+00,1.000000000000000000e+00
0.000000000000000000e+00,0.000000000000000000e+00,8.928571428571427937e-01,8.888888888888889506e-01,3.640723059446770971e-04,1.286985807072407902e-02,0.000000000000000000e+00,0.000000000000000000e+00,9.996001599360216587e-05,0.000000000000000000e+00,0.000000000000000000e+00,0.000000000000000000e+00,0.000000000000000000e+00,0.000000000000000000e+00,1.329239276362149105e-05,0.000000000000000000e+00,0.000000000000000000e+00,1.000000000000000000e+00,5.098039215686275272e-01,1.186046511627906856e-02,2.000000000000000389e-02,0.000000000000000000e+00,0.000000000000000000e+00,0.000000000000000000e+00,0.000000000000000000e+00,0.000000000000000000e+00,0.000000000000000000e+00,1.000000000000000000e+00
8.070866141732283006e-02,0.000000000000000000e+00,3.392857142857142461e-01,8.888888888888889506e-01,9.659991096404497600e-05,1.286985807072407902e-02,0.000000000000000000e+00,0.000000000000000000e+00,9.996001599360216587e-05,0.000000000000000000e+00,0.000000000000000000e+00,0.000000000000000000e+00,0.000000000000000000e+00,0.000000000000000000e+00,1.329239276362149105e-05,0.000000000000000000e+00,0.000000000000000000e+00,3.921568627450984501e-02,1.000000000000000000e+00,2.325581395348836830e-02,0.000000000000000000e+00,1.995609658750725228e-05,2.533783783783784670e-05,0.000000000000000000e+00,1.267427122940427322e-05,0.000000000000000000e+00,0.000000000000000000e+00,1.000000000000000000e+00
0.000000000000000000e+00,0.000000000000000000e+00,2.678571428571428492e-01,8.888888888888889506e-01,3.955128430037290420e-04,1.286985807072407902e-02,0.000000000000000000e+00,0.000000000000000000e+00,9.996001599360216587e-05,0.000000000000000000e+00,0.000000000000000000e+00,0.000000000000000000e+00,0.000000000000000000e+00,0.000000000000000000e+00,1.329239276362149105e-05,0.000000000000000000e+00,0.000000000000000000e+00,1.000000000000000000e+00,4.431372549019608198e-01,1.023255813953487942e-02,2.000000000000000389e-02,8.780682498503291700e-05,0.000000000000000000e+00,0.000000000000000000e+00,0.000000000000000000e+00,0.000000000000000000e+00,0.000000000000000000e+00,1.000000000000000000e+00
2.952755905511810549e-03,0.000000000000000000e+00,8.928571428571427937e-01,8.888888888888889506e-01,6.109033048561049971e-03,1.286985807072407902e-02,0.000000000000000000e+00,0.000000000000000000e+00,9.996001599360216587e-05,4.230118443316407289e-04,0.000000000000000000e+00,0.000000000000000000e+00,0.000000000000000000e+00,0.000000000000000000e+00,1.329239276362149105e-05,0.000000000000000000e+00,1.773678609435963332e-04,9.137254901960784048e-01,7.333333333333333925e-01,1.697674418604650654e-02,2.000000000000000389e-02,0.000000000000000000e+00,4.222972972972764668e-06,0.000000000000000000e+00,0.000000000000000000e+00,0.000000000000000000e+00,0.000000000000000000e+00,1.000000000000000000e+00
0.000000000000000000e+00,0.000000000000000000e+00,2.678571428571428492e-01,8.888888888888889506e-01,6.269881013515335921e-04,1.286985807072407902e-02,0.000000000000000000e+00,0.000000000000000000e+00,1.999200319872063917e-04,8.460236886632814578e-04,0.000000000000000000e+00,0.000000000000000000e+00,0.000000000000000000e+00,0.000000000000000000e+00,1.329239276362149105e-05,0.000000000000000000e+00,1.188364668322109075e-04,1.000000000000000000e+00,4.392156862745097978e-01,1.023255813953487942e-02,2.000000000000000389e-02,8.780682498503291700e-05,0.000000000000000000e+00,0.000000000000000000e+00,0.000000000000000000e+00,0.000000000000000000e+00,0.000000000000000000e+00,1.000000000000000000e+00
0.000000000000000000e+00,0.000000000000000000e+00,3.392857142857142461e-01,8.888888888888889506e-01,1.439885465313121545e-04,1.286985807072407902e-02,0.000000000000000000e+00,0.000000000000000000e+00,3.998400639744107234e-04,1.269035532994923108e-03,0.000000000000000000e+00,0.000000000000000000e+00,0.000000000000000000e+00,0.000000000000000000e+00,1.329239276362149105e-05,0.000000000000000000e+00,0.000000000000000000e+00,1.000000000000000000e+00,1.000000000000000000e+00,2.325581395348836830e-02,0.000000000000000000e+00,0.000000000000000000e+00,0.000000000000000000e+00,0.000000000000000000e+00,0.000000000000000000e+00,0.000000000000000000e+00,0.000000000000000000e+00,1.000000000000000000e+00
0.000000000000000000e+00,0.000000000000000000e+00,2.678571428571428492e-01,8.888888888888889506e-01,2.688393748527672538e-05,1.286985807072407902e-02,0.000000000000000000e+00,0.000000000000000000e+00,1.499400239904038600e-03,6.345177664974618360e-03,0.000000000000000000e+00,0.000000000000000000e+00,0.000000000000000000e+00,0.000000000000000000e+00,1.329239276362149105e-05,0.000000000000000000e+00,2.128414331323176680e-05,1.000000000000000000e+00,4.823529411764706509e-01,1.116279069767441533e-02,2.000000000000000389e-02,9.578926362003587619e-05,0.000000000000000000e+00,0.000000000000000000e+00,0.000000000000000000e+00,0.000000000000000000e+00,0.000000000000000000e+00,1.000000000000000000e+00
0.000000000000000000e+00,0.000000000000000000e+00,3.392857142857142461e-01,8.888888888888889506e-01,1.435328865739340660e-04,1.286985807072407902e-02,0.000000000000000000e+00,0.000000000000000000e+00,1.399440223910436475e-03,5.499153976311337011e-03,0.000000000000000000e+00,0.000000000000000000e+00,0.000000000000000000e+00,0.000000000000000000e+00,1.329239276362149105e-05,0.000000000000000000e+00,0.000000000000000000e+00,1.000000000000000000e+00,1.000000000000000000e+00,2.325581395348836830e-02,0.000000000000000000e+00,0.000000000000000000e+00,0.000000000000000000e+00,0.000000000000000000e+00,0.000000000000000000e+00,0.000000000000000000e+00,0.000000000000000000e+00,1.000000000000000000e+00
0.000000000000000000e+00,0.000000000000000000e+00,3.392857142857142461e-01,8.888888888888889506e-01,1.531017456788634609e-04,1.286985807072407902e-02,0.000000000000000000e+00,0.000000000000000000e+00,7.996801279488214469e-04,8.883248730964465878e-03,0.000000000000000000e+00,0.000000000000000000e+00,0.000000000000000000e+00,0.000000000000000000e+00,1.329239276362149105e-05,0.000000000000000000e+00,1.596310748492447054e-05,4.823529411764706509e-01,1.000000000000000000e+00,2.325581395348836830e-02,0.000000000000000000e+00,1.995609658750818995e-06,8.445945945945844432e-06,0.000000000000000000e+00,0.000000000000000000e+00,0.000000000000000000e+00,0.000000000000000000e+00,1.000000000000000000e+00
0.000000000000000000e+00,0.000000000000000000e+00,2.678571428571428492e-01,8.888888888888889506e-01,1.321413876394975554e-05,1.286985807072407902e-02,0.000000000000000000e+00,0.000000000000000000e+00,1.999200319872063917e-04,4.230118443316407289e-04,0.000000000000000000e+00,0.000000000000000000e+00,0.000000000000000000e+00,0.000000000000000000e+00,1.329239276362149105e-05,0.000000000000000000e+00,0.000000000000000000e+00,8.941176470588236835e-01,7.843137254901966227e-02,2.093023255813956235e-03,2.000000000000000389e-02,1.796048692875674627e-05,0.000000000000000000e+00,0.000000000000000000e+00,0.000000000000000000e+00,0.000000000000000000e+00,0.000000000000000000e+00,1.000000000000000000e+00
0.000000000000000000e+00,0.000000000000000000e+00,3.392857142857142461e-01,8.888888888888889506e-01,1.294074278952298852e-04,1.286985807072407902e-02,0.000000000000000000e+00,0.000000000000000000e+00,6.997201119552171533e-04,2.961082910321488626e-03,0.000000000000000000e+00,0.000000000000000000e+00,0.000000000000000000e+00,0.000000000000000000e+00,1.329239276362149105e-05,0.000000000000000000e+00,4.434196523590102132e-05,1.450980392156862586e-01,1.000000000000000000e+00,2.325581395348836830e-02,0.000000000000000000e+00,5.986828976252144853e-06,1.266891891891892335e-05,0.000000000000000000e+00,0.000000000000000000e+00,0.000000000000000000e+00,0.000000000000000000e+00,1.000000000000000000e+00
0.000000000000000000e+00,0.000000000000000000e+00,3.392857142857142461e-01,8.888888888888889506e-01,1.043461302394637654e-04,1.286985807072407902e-02,0.000000000000000000e+00,0.000000000000000000e+00,4.998000799680129029e-04,1.692047377326564650e-03,0.000000000000000000e+00,0.000000000000000000e+00,0.000000000000000000e+00,0.000000000000000000e+00,1.329239276362149105e-05,0.000000000000000000e+00,0.000000000000000000e+00,1.058823529411765108e-01,1.000000000000000000e+00,2.325581395348836830e-02,0.000000000000000000e+00,7.982438635002652564e-06,4.222972972972764668e-06,6.666666666666310046e-06,0.000000000000000000e+00,0.000000000000000000e+00,0.000000000000000000e+00,1.000000000000000000e+00
0.000000000000000000e+00,0.000000000000000000e+00,8.928571428571427937e-01,8.888888888888889506e-01,0.000000000000000000e+00,1.286985807072407902e-02,0.000000000000000000e+00,0.000000000000000000e+00,9.996001599360216587e-05,0.000000000000000000e+00,0.000000000000000000e+00,0.000000000000000000e+00,0.000000000000000000e+00,0.000000000000000000e+00,1.329239276362149105e-05,0.000000000000000000e+00,0.000000000000000000e+00,1.000000000000000000e+00,7.607843137254901578e-01,1.767441860465115977e-02,2.000000000000000389e-02,0.000000000000000000e+00,0.000000000000000000e+00,0.000000000000000000e+00,0.000000000000000000e+00,6.666666666666523499e-06,1.972386587771430706e-05,1.000000000000000000e+00
0.000000000000000000e+00,0.000000000000000000e+00,3.392857142857142461e-01,8.888888888888889506e-01,1.448998664460665966e-04,1.286985807072407902e-02,0.000000000000000000e+00,0.000000000000000000e+00,6.997201119552171533e-04,2.538071065989847084e-03,0.000000000000000000e+00,0.000000000000000000e+00,0.000000000000000000e+00,0.000000000000000000e+00,1.329239276362149105e-05,0.000000000000000000e+00,0.000000000000000000e+00,1.000000000000000000e+00,1.000000000000000000e+00,2.325581395348836830e-02,0.000000000000000000e+00,0.000000000000000000e+00,0.000000000000000000e+00,0.000000000000000000e+00,0.000000000000000000e+00,0.000000000000000000e+00,0.000000000000000000e+00,1.000000000000000000e+00
0.000000000000000000e+00,0.000000000000000000e+00,3.392857142857142461e-01,8.888888888888889506e-01,1.444442064886893755e-04,1.286985807072407902e-02,0.000000000000000000e+00,0.000000000000000000e+00,1.599360255897640725e-03,6.345177664974618360e-03,0.000000000000000000e+00,0.000000000000000000e+00,0.000000000000000000e+00,0.000000000000000000e+00,1.329239276362149105e-05,0.000000000000000000e+00,0.000000000000000000e+00,1.000000000000000000e+00,1.000000000000000000e+00,2.325581395348836830e-02,0.000000000000000000e+00,0.000000000000000000e+00,0.000000000000000000e+00,0.000000000000000000e+00,0.000000000000000000e+00,0.000000000000000000e+00,0.000000000000000000e+00,1.000000000000000000e+00
0.000000000000000000e+00,0.000000000000000000e+00,3.392857142857142461e-01,8.888888888888889506e-01,1.531017456788634609e-04,1.286985807072407902e-02,0.000000000000000000e+00,0.000000000000000000e+00,8.996401439424235721e-04,3.384094754653129301e-03,0.000000000000000000e+00,0.000000000000000000e+00,0.000000000000000000e+00,0.000000000000000000e+00,1.329239276362149105e-05,0.000000000000000000e+00,0.000000000000000000e+00,5.215686274509804266e-01,1.000000000000000000e+00,2.325581395348836830e-02,0.000000000000000000e+00,1.995609658750818995e-06,8.445945945945844432e-06,0.000000000000000000e+00,0.000000000000000000e+00,0.000000000000000000e+00,0.000000000000000000e+00,1.000000000000000000e+00
0.000000000000000000e+00,0.000000000000000000e+00,3.392857142857142461e-01,8.888888888888889506e-01,1.339640274690055385e-04,1.286985807072407902e-02,0.000000000000000000e+00,0.000000000000000000e+00,9.996001599360216587e-05,8.460236886632814578e-04,0.000000000000000000e+00,0.000000000000000000e+00,0.000000000000000000e+00,0.000000000000000000e+00,1.329239276362149105e-05,0.000000000000000000e+00,1.188364668322109075e-04,1.058823529411765108e-01,1.000000000000000000e+00,2.325581395348836830e-02,0.000000000000000000e+00,7.982438635002652564e-06,4.222972972972764668e-06,0.000000000000000000e+00,0.000000000000000000e+00,0.000000000000000000e+00,0.000000000000000000e+00,1.000000000000000000e+00
0.000000000000000000e+00,0.000000000000000000e+00,3.392857142857142461e-01,8.888888888888889506e-01,1.389762870001584128e-04,1.286985807072407902e-02,0.000000000000000000e+00,0.000000000000000000e+00,1.999200319872063917e-04,2.115059221658205542e-03,0.000000000000000000e+00,0.000000000000000000e+00,0.000000000000000000e+00,0.000000000000000000e+00,1.329239276362149105e-05,0.000000000000000000e+00,8.868393047179945411e-05,1.000000000000000000e+00,1.000000000000000000e+00,2.325581395348836830e-02,0.000000000000000000e+00,0.000000000000000000e+00,0.000000000000000000e+00,0.000000000000000000e+00,0.000000000000000000e+00,0.000000000000000000e+00,0.000000000000000000e+00,1.000000000000000000e+00
0.000000000000000000e+00,0.000000000000000000e+00,3.392857142857142461e-01,8.888888888888889506e-01,1.284961079804745757e-04,1.286985807072407902e-02,0.000000000000000000e+00,0.000000000000000000e+00,6.997201119552171533e-04,5.922165820642977252e-03,0.000000000000000000e+00,0.000000000000000000e+00,0.000000000000000000e+00,0.000000000000000000e+00,1.329239276362149105e-05,0.000000000000000000e+00,4.788932245477082648e-05,1.215686274509803905e-01,1.000000000000000000e+00,2.325581395348836830e-02,0.000000000000000000e+00,5.986828976252144853e-06,4.222972972972764668e-06,4.999999999999810674e-06,0.000000000000000000e+00,0.000000000000000000e+00,0.000000000000000000e+00,1.000000000000000000e+00
0.000000000000000000e+00,1.000000000000000021e-02,8.035714285714284921e-01,8.888888888888889506e-01,4.784429552464527369e-05,1.286985807072407902e-02,0.000000000000000000e+00,0.000000000000000000e+00,9.996001599360216587e-05,0.000000000000000000e+00,0.000000000000000000e+00,0.000000000000000000e+00,0.000000000000000000e+00,0.000000000000000000e+00,1.329239276362149105e-05,0.000000000000000000e+00,0.000000000000000000e+00,1.000000000000000000e+00,9.882352941176471006e-01,2.302325581395348389e-02,1.000000000000000194e-02,1.995609658750818995e-06,0.000000000000000000e+00,0.000000000000000000e+00,0.000000000000000000e+00,0.000000000000000000e+00,0.000000000000000000e+00,-4.000000000000000000e+00
9.842519685039367774e-04,0.000000000000000000e+00,8.928571428571427937e-01,8.888888888888889506e-01,9.773906085748828351e-04,1.286985807072407902e-02,0.000000000000000000e+00,0.000000000000000000e+00,9.996001599360216587e-05,4.230118443316407289e-04,0.000000000000000000e+00,0.000000000000000000e+00,0.000000000000000000e+00,0.000000000000000000e+00,1.329239276362149105e-05,0.000000000000000000e+00,1.773678609435963332e-04,9.411764705882353921e-01,5.843137254901961120e-01,1.441860465116278842e-02,2.000000000000000389e-02,0.000000000000000000e+00,0.000000000000000000e+00,0.000000000000000000e+00,0.000000000000000000e+00,6.666666666666523499e-06,9.861932938859504895e-06,1.000000000000000000e+00
0.000000000000000000e+00,0.000000000000000000e+00,3.392857142857142461e-01,8.888888888888889506e-01,1.444442064886893755e-04,1.286985807072407902e-02,0.000000000000000000e+00,0.000000000000000000e+00,1.999200319872063917e-04,4.230118443316407289e-04,0.000000000000000000e+00,0.000000000000000000e+00,0.000000000000000000e+00,0.000000000000000000e+00,1.329239276362149105e-05,0.000000000000000000e+00,0.000000000000000000e+00,1.000000000000000000e+00,1.000000000000000000e+00,2.325581395348836830e-02,0.000000000000000000e+00,0.000000000000000000e+00,0.000000000000000000e+00,0.000000000000000000e+00,0.000000000000000000e+00,0.000000000000000000e+00,0.000000000000000000e+00,1.000000000000000000e+00
6.889763779527558960e-03,0.000000000000000000e+00,8.928571428571427937e-01,8.888888888888889506e-01,3.590600464135237620e-04,1.286985807072407902e-02,0.000000000000000000e+00,0.000000000000000000e+00,9.996001599360216587e-05,0.000000000000000000e+00,0.000000000000000000e+00,0.000000000000000000e+00,0.000000000000000000e+00,0.000000000000000000e+00,1.329239276362149105e-05,0.000000000000000000e+00,0.000000000000000000e+00,9.490196078431373250e-01,5.921568627450980449e-01,1.441860465116278842e-02,2.000000000000000389e-02,0.000000000000000000e+00,0.000000000000000000e+00,0.000000000000000000e+00,0.000000000000000000e+00,6.666666666666523499e-06,9.861932938859504895e-06,1.000000000000000000e+00
0.000000000000000000e+00,0.000000000000000000e+00,3.392857142857142461e-01,8.888888888888889506e-01,1.448998664460665966e-04,1.286985807072407902e-02,0.000000000000000000e+00,0.000000000000000000e+00,6.997201119552171533e-04,2.538071065989847084e-03,0.000000000000000000e+00,0.000000000000000000e+00,0.000000000000000000e+00,0.000000000000000000e+00,1.329239276362149105e-05,0.000000000000000000e+00,0.000000000000000000e+00,1.000000000000000000e+00,1.000000000000000000e+00,2.325581395348836830e-02,0.000000000000000000e+00,0.000000000000000000e+00,0.000000000000000000e+00,0.000000000000000000e+00,0.000000000000000000e+00,0.000000000000000000e+00,0.000000000000000000e+00,1.000000000000000000e+00
0.000000000000000000e+00,0.000000000000000000e+00,3.392857142857142461e-01,8.888888888888889506e-01,1.444442064886893755e-04,1.286985807072407902e-02,0.000000000000000000e+00,0.000000000000000000e+00,1.599360255897640725e-03,6.768189509306259469e-03,0.000000000000000000e+00,0.000000000000000000e+00,0.000000000000000000e+00,0.000000000000000000e+00,1.329239276362149105e-05,0.000000000000000000e+00,2.128414331323176680e-05,1.000000000000000000e+00,1.000000000000000000e+00,2.325581395348836830e-02,0.000000000000000000e+00,0.000000000000000000e+00,0.000000000000000000e+00,0.000000000000000000e+00,0.000000000000000000e+00,0.000000000000000000e+00,0.000000000000000000e+00,1.000000000000000000e+00
0.000000000000000000e+00,0.000000000000000000e+00,3.392857142857142461e-01,8.888888888888889506e-01,1.462668463181999946e-04,1.286985807072407902e-02,0.000000000000000000e+00,0.000000000000000000e+00,2.598960415833666531e-03,1.099830795262267402e-02,0.000000000000000000e+00,0.000000000000000000e+00,0.000000000000000000e+00,0.000000000000000000e+00,1.329239276362149105e-05,0.000000000000000000e+00,1.241575026605208024e-05,1.000000000000000000e+00,1.000000000000000000e+00,2.325581395348836830e-02,0.000000000000000000e+00,0.000000000000000000e+00,0.000000000000000000e+00,0.000000000000000000e+00,0.000000000000000000e+00,0.000000000000000000e+00,0.000000000000000000e+00,1.000000000000000000e+00
8.858267716535432948e-03,0.000000000000000000e+00,8.928571428571427937e-01,8.888888888888889506e-01,9.628094899388009182e-04,1.286985807072407902e-02,0.000000000000000000e+00,0.000000000000000000e+00,9.996001599360216587e-05,0.000000000000000000e+00,0.000000000000000000e+00,0.000000000000000000e+00,0.000000000000000000e+00,0.000000000000000000e+00,1.329239276362149105e-05,0.000000000000000000e+00,0.000000000000000000e+00,1.000000000000000000e+00,6.039215686274510553e-01,1.395348837209301959e-02,2.000000000000000389e-02,0.000000000000000000e+00,0.000000000000000000e+00,0.000000000000000000e+00,0.000000000000000000e+00,0.000000000000000000e+00,0.000000000000000000e+00,1.000000000000000000e+00
0.000000000000000000e+00,0.000000000000000000e+00,3.392857142857142461e-01,8.888888888888889506e-01,1.353310073411380691e-04,1.286985807072407902e-02,0.000000000000000000e+00,0.000000000000000000e+00,4.998000799680129029e-04,1.692047377326564650e-03,0.000000000000000000e+00,0.000000000000000000e+00,0.000000000000000000e+00,0.000000000000000000e+00,1.329239276362149105e-05,0.000000000000000000e+00,0.000000000000000000e+00,3.725490196078432015e-01,1.000000000000000000e+00,2.325581395348836830e-02,0.000000000000000000e+00,1.995609658750818995e-06,4.222972972972764668e-06,0.000000000000000000e+00,1.267427122940427322e-05,0.000000000000000000e+00,0.000000000000000000e+00,1.000000000000000000e+00
0.000000000000000000e+00,0.000000000000000000e+00,3.392857142857142461e-01,8.888888888888889506e-01,1.048017901968409865e-04,1.286985807072407902e-02,0.000000000000000000e+00,0.000000000000000000e+00,4.998000799680129029e-04,5.499153976311337011e-03,0.000000000000000000e+00,0.000000000000000000e+00,0.000000000000000000e+00,0.000000000000000000e+00,1.329239276362149105e-05,0.000000000000000000e+00,2.483150053210416049e-05,2.196078431372549267e-01,1.000000000000000000e+00,2.325581395348836830e-02,0.000000000000000000e+00,3.991219317501326282e-06,1.689189189189200057e-05,0.000000000000000000e+00,0.000000000000000000e+00,0.000000000000000000e+00,0.000000000000000000e+00,1.000000000000000000e+00
0.000000000000000000e+00,0.000000000000000000e+00,3.392857142857142461e-01,8.888888888888889506e-01,1.494564660198422499e-04,1.286985807072407902e-02,0.000000000000000000e+00,0.000000000000000000e+00,1.999200319872063917e-04,4.230118443316407289e-04,0.000000000000000000e+00,0.000000000000000000e+00,0.000000000000000000e+00,0.000000000000000000e+00,1.329239276362149105e-05,0.000000000000000000e+00,0.000000000000000000e+00,7.843137254901960675e-02,3.176470588235294490e-01,2.325581395348836830e-02,0.000000000000000000e+00,9.978048293753781996e-06,2.533783783783784670e-05,0.000000000000000000e+00,1.267427122940427322e-05,0.000000000000000000e+00,0.000000000000000000e+00,1.000000000000000000e+00
0.000000000000000000e+00,0.000000000000000000e+00,3.392857142857142461e-01,8.888888888888889506e-01,1.403432668722909434e-04,1.286985807072407902e-02,0.000000000000000000e+00,0.000000000000000000e+00,2.998800479808085440e-04,4.230118443316411951e-03,0.000000000000000000e+00,0.000000000000000000e+00,0.000000000000000000e+00,0.000000000000000000e+00,1.329239276362149105e-05,0.000000000000000000e+00,3.192621496984894108e-05,4.039215686274509332e-01,1.000000000000000000e+00,2.325581395348836830e-02,0.000000000000000000e+00,1.995609658750818995e-06,4.222972972972764668e-06,0.000000000000000000e+00,1.267427122940427322e-05,0.000000000000000000e+00,0.000000000000000000e+00,1.000000000000000000e+00
1.181102362204724220e-02,0.000000000000000000e+00,8.928571428571427937e-01,8.888888888888889506e-01,4.492807179742820591e-04,1.286985807072407902e-02,0.000000000000000000e+00,0.000000000000000000e+00,9.996001599360216587e-05,4.230118443316407289e-04,0.000000000000000000e+00,0.000000000000000000e+00,0.000000000000000000e+00,0.000000000000000000e+00,1.329239276362149105e-05,0.000000000000000000e+00,1.773678609435963332e-04,1.000000000000000000e+00,4.666666666666667296e-01,1.093023255813953092e-02,2.000000000000000389e-02,0.000000000000000000e+00,0.000000000000000000e+00,0.000000000000000000e+00,0.000000000000000000e+00,0.000000000000000000e+00,0.000000000000000000e+00,1.000000000000000000e+00
1.673228346456692717e-02,0.000000000000000000e+00,8.928571428571427937e-01,8.888888888888889506e-01,5.117061321350086737e-04,1.286985807072407902e-02,0.000000000000000000e+00,0.000000000000000000e+00,9.996001599360216587e-05,8.460236886632814578e-04,0.000000000000000000e+00,0.000000000000000000e+00,0.000000000000000000e+00,0.000000000000000000e+00,1.329239276362149105e-05,0.000000000000000000e+00,1.773678609435963332e-04,1.000000000000000000e+00,4.705882352941176405e-01,1.093023255813953092e-02,2.000000000000000389e-02,0.000000000000000000e+00,0.000000000000000000e+00,0.000000000000000000e+00,0.000000000000000000e+00,0.000000000000000000e+00,0.000000000000000000e+00,1.000000000000000000e+00
0.000000000000000000e+00,0.000000000000000000e+00,2.678571428571428492e-01,8.888888888888889506e-01,9.249897134764653030e-05,1.286985807072407902e-02,0.000000000000000000e+00,0.000000000000000000e+00,9.996001599360216587e-05,0.000000000000000000e+00,0.000000000000000000e+00,0.000000000000000000e+00,0.000000000000000000e+00,0.000000000000000000e+00,1.329239276362149105e-05,0.000000000000000000e+00,0.000000000000000000e+00,1.000000000000000000e+00,4.901960784313725283e-01,1.139534883720929800e-02,2.000000000000000389e-02,9.778487327878669731e-05,0.000000000000000000e+00,0.000000000000000000e+00,0.000000000000000000e+00,0.000000000000000000e+00,0.000000000000000000e+00,1.000000000000000000e+00
2.952755905511810549e-03,0.000000000000000000e+00,2.678571428571428492e-01,8.888888888888889506e-01,1.000000000000000000e+00,1.286985807072407902e-02,0.000000000000000000e+00,0.000000000000000000e+00,1.999200319872063917e-04,4.230118443316407289e-04,0.000000000000000000e+00,0.000000000000000000e+00,0.000000000000000000e+00,0.000000000000000000e+00,1.329239276362149105e-05,0.000000000000000000e+00,0.000000000000000000e+00,1.000000000000000000e+00,4.901960784313725283e-01,1.139534883720929800e-02,2.000000000000000389e-02,9.778487327878669731e-05,0.000000000000000000e+00,0.000000000000000000e+00,0.000000000000000000e+00,0.000000000000000000e+00,0.000000000000000000e+00,1.000000000000000000e+00
0.000000000000000000e+00,0.000000000000000000e+00,3.392857142857142461e-01,8.888888888888889506e-01,1.380649670854031032e-04,1.286985807072407902e-02,0.000000000000000000e+00,0.000000000000000000e+00,7.996801279488214469e-04,3.384094754653129301e-03,0.000000000000000000e+00,0.000000000000000000e+00,0.000000000000000000e+00,0.000000000000000000e+00,1.329239276362149105e-05,0.000000000000000000e+00,3.902092940759113992e-05,1.000000000000000000e+00,1.000000000000000000e+00,2.325581395348836830e-02,0.000000000000000000e+00,0.000000000000000000e+00,0.000000000000000000e+00,0.000000000000000000e+00,0.000000000000000000e+00,0.000000000000000000e+00,0.000000000000000000e+00,1.000000000000000000e+00
0.000000000000000000e+00,0.000000000000000000e+00,3.392857142857142461e-01,8.888888888888889506e-01,1.289517679378517968e-04,1.286985807072407902e-02,0.000000000000000000e+00,0.000000000000000000e+00,1.699320271891242851e-03,7.191201353637901444e-03,0.000000000000000000e+00,0.000000000000000000e+00,0.000000000000000000e+00,0.000000000000000000e+00,1.329239276362149105e-05,0.000000000000000000e+00,1.951046470379686423e-05,1.000000000000000000e+00,1.000000000000000000e+00,2.325581395348836830e-02,0.000000000000000000e+00,0.000000000000000000e+00,0.000000000000000000e+00,0.000000000000000000e+00,0.000000000000000000e+00,0.000000000000000000e+00,0.000000000000000000e+00,1.000000000000000000e+00
0.000000000000000000e+00,1.000000000000000021e-02,8.035714285714284921e-01,8.888888888888889506e-01,4.784429552464527369e-05,1.286985807072407902e-02,0.000000000000000000e+00,0.000000000000000000e+00,9.996001599360216587e-05,0.000000000000000000e+00,0.000000000000000000e+00,0.000000000000000000e+00,0.000000000000000000e+00,0.000000000000000000e+00,1.329239276362149105e-05,0.000000000000000000e+00,0.000000000000000000e+00,1.000000000000000000e+00,9.882352941176471006e-01,2.302325581395348389e-02,1.000000000000000194e-02,1.995609658750818995e-06,0.000000000000000000e+00,0.000000000000000000e+00,0.000000000000000000e+00,0.000000000000000000e+00,0.000000000000000000e+00,-4.000000000000000000e+00
0.000000000000000000e+00,1.000000000000000021e-02,8.035714285714284921e-01,8.888888888888889506e-01,4.784429552464527369e-05,1.286985807072407902e-02,0.000000000000000000e+00,0.000000000000000000e+00,9.996001599360216587e-05,0.000000000000000000e+00,0.000000000000000000e+00,0.000000000000000000e+00,0.000000000000000000e+00,0.000000000000000000e+00,1.329239276362149105e-05,0.000000000000000000e+00,0.000000000000000000e+00,1.000000000000000000e+00,9.882352941176471006e-01,2.302325581395348389e-02,1.000000000000000194e-02,0.000000000000000000e+00,0.000000000000000000e+00,0.000000000000000000e+00,0.000000000000000000e+00,0.000000000000000000e+00,0.000000000000000000e+00,1.000000000000000000e+00
0.000000000000000000e+00,0.000000000000000000e+00,3.392857142857142461e-01,8.888888888888889506e-01,9.705557092142219709e-05,1.286985807072407902e-02,0.000000000000000000e+00,0.000000000000000000e+00,4.998000799680129029e-04,1.692047377326564650e-03,0.000000000000000000e+00,0.000000000000000000e+00,0.000000000000000000e+00,0.000000000000000000e+00,1.329239276362149105e-05,0.000000000000000000e+00,0.000000000000000000e+00,2.352941176470588203e-01,1.000000000000000000e+00,2.325581395348836830e-02,0.000000000000000000e+00,3.991219317501326282e-06,1.689189189189200057e-05,0.000000000000000000e+00,0.000000000000000000e+00,0.000000000000000000e+00,0.000000000000000000e+00,1.000000000000000000e+00
0.000000000000000000e+00,0.000000000000000000e+00,8.928571428571427937e-01,8.888888888888889506e-01,0.000000000000000000e+00,1.286985807072407902e-02,0.000000000000000000e+00,0.000000000000000000e+00,1.999200319872063917e-04,4.230118443316407289e-04,0.000000000000000000e+00,0.000000000000000000e+00,0.000000000000000000e+00,0.000000000000000000e+00,6.646196381810745523e-06,2.736726874657909774e-04,1.773678609435963332e-04,1.000000000000000000e+00,5.999999999999999778e-01,1.395348837209301959e-02,3.000000000000000236e-02,0.000000000000000000e+00,0.000000000000000000e+00,0.000000000000000000e+00,0.000000000000000000e+00,1.333333333333304700e-05,2.958579881656910754e-05,1.000000000000000000e+00
0.000000000000000000e+00,0.000000000000000000e+00,3.392857142857142461e-01,8.888888888888889506e-01,1.371536471706477937e-04,1.286985807072407902e-02,0.000000000000000000e+00,0.000000000000000000e+00,3.998400639744107234e-04,1.269035532994923108e-03,0.000000000000000000e+00,0.000000000000000000e+00,0.000000000000000000e+00,0.000000000000000000e+00,1.329239276362149105e-05,0.000000000000000000e+00,0.000000000000000000e+00,1.000000000000000000e+00,1.000000000000000000e+00,2.325581395348836830e-02,0.000000000000000000e+00,0.000000000000000000e+00,0.000000000000000000e+00,0.000000000000000000e+00,0.000000000000000000e+00,0.000000000000000000e+00,0.000000000000000000e+00,1.000000000000000000e+00
0.000000000000000000e+00,0.000000000000000000e+00,3.392857142857142461e-01,8.888888888888889506e-01,1.398876069149137223e-04,1.286985807072407902e-02,0.000000000000000000e+00,0.000000000000000000e+00,9.996001599360216587e-05,5.499153976311337011e-03,0.000000000000000000e+00,0.000000000000000000e+00,0.000000000000000000e+00,0.000000000000000000e+00,1.329239276362149105e-05,0.000000000000000000e+00,2.483150053210416049e-05,3.098039215686274606e-01,1.000000000000000000e+00,2.325581395348836830e-02,0.000000000000000000e+00,1.995609658750818995e-06,1.689189189189200057e-05,0.000000000000000000e+00,0.000000000000000000e+00,0.000000000000000000e+00,0.000000000000000000e+00,1.000000000000000000e+00
0.000000000000000000e+00,0.000000000000000000e+00,3.392857142857142461e-01,8.888888888888889506e-01,1.389762870001584128e-04,1.286985807072407902e-02,0.000000000000000000e+00,0.000000000000000000e+00,1.099560175929627931e-03,9.729272419627749829e-03,0.000000000000000000e+00,0.000000000000000000e+00,0.000000000000000000e+00,0.000000000000000000e+00,1.329239276362149105e-05,0.000000000000000000e+00,1.418942887548698282e-05,3.490196078431372362e-01,1.000000000000000000e+00,2.325581395348836830e-02,0.000000000000000000e+00,1.995609658750818995e-06,1.689189189189200057e-05,0.000000000000000000e+00,0.000000000000000000e+00,0.000000000000000000e+00,0.000000000000000000e+00,1.000000000000000000e+00
4.921259842519684971e-03,0.000000000000000000e+00,8.928571428571427937e-01,8.888888888888889506e-01,6.488597793056565758e-04,1.286985807072407902e-02,0.000000000000000000e+00,0.000000000000000000e+00,9.996001599360216587e-05,0.000000000000000000e+00,0.000000000000000000e+00,0.000000000000000000e+00,0.000000000000000000e+00,0.000000000000000000e+00,1.329239276362149105e-05,0.000000000000000000e+00,0.000000000000000000e+00,1.000000000000000000e+00,5.372549019607842924e-01,1.255813953488372006e-02,2.000000000000000389e-02,0.000000000000000000e+00,0.000000000000000000e+00,0.000000000000000000e+00,0.000000000000000000e+00,0.000000000000000000e+00,0.000000000000000000e+00,1.000000000000000000e+00
0.000000000000000000e+00,1.000000000000000021e-02,8.035714285714284921e-01,8.888888888888889506e-01,4.784429552464527369e-05,1.286985807072407902e-02,0.000000000000000000e+00,0.000000000000000000e+00,9.996001599360216587e-05,0.000000000000000000e+00,0.000000000000000000e+00,0.000000000000000000e+00,0.000000000000000000e+00,0.000000000000000000e+00,1.329239276362149105e-05,0.000000000000000000e+00,0.000000000000000000e+00,1.000000000000000000e+00,9.882352941176471006e-01,2.302325581395348389e-02,1.000000000000000194e-02,0.000000000000000000e+00,0.000000000000000000e+00,0.000000000000000000e+00,0.000000000000000000e+00,0.000000000000000000e+00,0.000000000000000000e+00,1.000000000000000000e+00
0.000000000000000000e+00,0.000000000000000000e+00,8.928571428571427937e-01,8.888888888888889506e-01,0.000000000000000000e+00,1.286985807072407902e-02,0.000000000000000000e+00,0.000000000000000000e+00,1.999200319872063917e-04,4.230118443316407289e-04,0.000000000000000000e+00,0.000000000000000000e+00,0.000000000000000000e+00,0.000000000000000000e+00,6.646196381810745523e-06,2.736726874657909774e-04,1.773678609435963332e-04,6.588235294117648078e-01,4.470588235294117307e-01,1.581395348837209142e-02,3.000000000000000236e-02,1.995609658750818995e-06,0.000000000000000000e+00,0.000000000000000000e+00,0.000000000000000000e+00,6.666666666666523499e-06,9.861932938859504895e-06,1.000000000000000000e+00
0.000000000000000000e+00,1.000000000000000021e-02,8.035714285714284921e-01,8.888888888888889506e-01,4.784429552464527369e-05,1.286985807072407902e-02,0.000000000000000000e+00,0.000000000000000000e+00,9.996001599360216587e-05,0.000000000000000000e+00,0.000000000000000000e+00,0.000000000000000000e+00,0.000000000000000000e+00,0.000000000000000000e+00,1.329239276362149105e-05,0.000000000000000000e+00,0.000000000000000000e+00,1.000000000000000000e+00,9.882352941176471006e-01,2.302325581395348389e-02,1.000000000000000194e-02,0.000000000000000000e+00,0.000000000000000000e+00,0.000000000000000000e+00,0.000000000000000000e+00,0.000000000000000000e+00,0.000000000000000000e+00,-4.000000000000000000e+00
0.000000000000000000e+00,0.000000000000000000e+00,3.392857142857142461e-01,8.888888888888889506e-01,1.312300677247396098e-04,1.286985807072407902e-02,0.000000000000000000e+00,0.000000000000000000e+00,9.996001599360258057e-04,3.807106598984771276e-03,0.000000000000000000e+00,0.000000000000000000e+00,0.000000000000000000e+00,0.000000000000000000e+00,1.329239276362149105e-05,0.000000000000000000e+00,0.000000000000000000e+00,1.000000000000000000e+00,1.000000000000000000e+00,2.325581395348836830e-02,0.000000000000000000e+00,0.000000000000000000e+00,0.000000000000000000e+00,0.000000000000000000e+00,0.000000000000000000e+00,0.000000000000000000e+00,0.000000000000000000e+00,1.000000000000000000e+00
0.000000000000000000e+00,0.000000000000000000e+00,8.928571428571427937e-01,8.888888888888889506e-01,2.838761534462249823e-04,1.286985807072407902e-02,0.000000000000000000e+00,0.000000000000000000e+00,9.996001599360216587e-05,0.000000000000000000e+00,0.000000000000000000e+00,0.000000000000000000e+00,0.000000000000000000e+00,0.000000000000000000e+00,1.329239276362149105e-05,0.000000000000000000e+00,0.000000000000000000e+00,1.000000000000000000e+00,6.196078431372549211e-01,1.441860465116278842e-02,1.000000000000000194e-02,0.000000000000000000e+00,0.000000000000000000e+00,0.000000000000000000e+00,0.000000000000000000e+00,0.000000000000000000e+00,0.000000000000000000e+00,1.000000000000000000e+00
0.000000000000000000e+00,0.000000000000000000e+00,3.392857142857142461e-01,8.888888888888889506e-01,1.312300677247396098e-04,1.286985807072407902e-02,0.000000000000000000e+00,0.000000000000000000e+00,7.996801279488214469e-04,2.961082910321488626e-03,0.000000000000000000e+00,0.000000000000000000e+00,0.000000000000000000e+00,0.000000000000000000e+00,1.329239276362149105e-05,0.000000000000000000e+00,0.000000000000000000e+00,1.647058823529412019e-01,1.000000000000000000e+00,2.325581395348836830e-02,0.000000000000000000e+00,3.991219317501326282e-06,1.689189189189200057e-05,0.000000000000000000e+00,0.000000000000000000e+00,0.000000000000000000e+00,0.000000000000000000e+00,1.000000000000000000e+00
0.000000000000000000e+00,0.000000000000000000e+00,3.392857142857142461e-01,8.888888888888889506e-01,1.312300677247396098e-04,1.286985807072407902e-02,0.000000000000000000e+00,0.000000000000000000e+00,7.996801279488214469e-04,2.961082910321488626e-03,0.000000000000000000e+00,0.000000000000000000e+00,0.000000000000000000e+00,0.000000000000000000e+00,1.329239276362149105e-05,0.000000000000000000e+00,0.000000000000000000e+00,1.647058823529412019e-01,1.000000000000000000e+00,2.325581395348836830e-02,0.000000000000000000e+00,3.991219317501326282e-06,1.689189189189200057e-05,0.000000000000000000e+00,0.000000000000000000e+00,0.000000000000000000e+00,0.000000000000000000e+00,1.000000000000000000e+00
0.000000000000000000e+00,0.000000000000000000e+00,3.392857142857142461e-01,8.888888888888889506e-01,1.289517679378517968e-04,1.286985807072407902e-02,0.000000000000000000e+00,0.000000000000000000e+00,9.996001599360216587e-05,0.000000000000000000e+00,0.000000000000000000e+00,0.000000000000000000e+00,0.000000000000000000e+00,0.000000000000000000e+00,1.329239276362149105e-05,0.000000000000000000e+00,0.000000000000000000e+00,3.294117647058824039e-01,1.000000000000000000e+00,2.325581395348836830e-02,0.000000000000000000e+00,1.995609658750818995e-06,8.445945945945844432e-06,0.000000000000000000e+00,0.000000000000000000e+00,0.000000000000000000e+00,0.000000000000000000e+00,1.000000000000000000e+00
0.000000000000000000e+00,0.000000000000000000e+00,3.392857142857142461e-01,8.888888888888889506e-01,1.398876069149137223e-04,1.286985807072407902e-02,0.000000000000000000e+00,0.000000000000000000e+00,7.996801279488214469e-04,2.961082910321488626e-03,0.000000000000000000e+00,0.000000000000000000e+00,0.000000000000000000e+00,0.000000000000000000e+00,1.329239276362149105e-05,0.000000000000000000e+00,0.000000000000000000e+00,4.156862745098039991e-01,1.000000000000000000e+00,2.325581395348836830e-02,0.000000000000000000e+00,1.995609658750818995e-06,1.689189189189200057e-05,0.000000000000000000e+00,0.000000000000000000e+00,0.000000000000000000e+00,0.000000000000000000e+00,1.000000000000000000e+00
0.000000000000000000e+00,0.000000000000000000e+00,3.392857142857142461e-01,8.888888888888889506e-01,1.398876069149137223e-04,1.286985807072407902e-02,0.000000000000000000e+00,0.000000000000000000e+00,1.799280287884847144e-03,7.191201353637901444e-03,0.000000000000000000e+00,0.000000000000000000e+00,0.000000000000000000e+00,0.000000000000000000e+00,1.329239276362149105e-05,0.000000000000000000e+00,0.000000000000000000e+00,4.549019607843138302e-01,1.000000000000000000e+00,2.325581395348836830e-02,0.000000000000000000e+00,1.995609658750818995e-06,1.689189189189200057e-05,0.000000000000000000e+00,0.000000000000000000e+00,0.000000000000000000e+00,0.000000000000000000e+00,1.000000000000000000e+00
0.000000000000000000e+00,1.000000000000000021e-02,8.035714285714284921e-01,8.888888888888889506e-01,4.784429552464527369e-05,1.286985807072407902e-02,0.000000000000000000e+00,0.000000000000000000e+00,9.996001599360216587e-05,0.000000000000000000e+00,0.000000000000000000e+00,0.000000000000000000e+00,0.000000000000000000e+00,0.000000000000000000e+00,1.329239276362149105e-05,0.000000000000000000e+00,0.000000000000000000e+00,1.000000000000000000e+00,9.882352941176471006e-01,2.302325581395348389e-02,1.000000000000000194e-02,0.000000000000000000e+00,0.000000000000000000e+00,0.000000000000000000e+00,0.000000000000000000e+00,0.000000000000000000e+00,0.000000000000000000e+00,1.000000000000000000e+00
0.000000000000000000e+00,0.000000000000000000e+00,3.392857142857142461e-01,8.888888888888889506e-01,1.344196874263827596e-04,1.286985807072407902e-02,0.000000000000000000e+00,0.000000000000000000e+00,7.996801279488214469e-04,3.384094754653129301e-03,0.000000000000000000e+00,0.000000000000000000e+00,0.000000000000000000e+00,0.000000000000000000e+00,1.329239276362149105e-05,0.000000000000000000e+00,3.902092940759113992e-05,3.647058823529412130e-01,1.000000000000000000e+00,2.325581395348836830e-02,0.000000000000000000e+00,3.991219317501326282e-06,8.445945945945844432e-06,0.000000000000000000e+00,0.000000000000000000e+00,0.000000000000000000e+00,0.000000000000000000e+00,1.000000000000000000e+00
0.000000000000000000e+00,0.000000000000000000e+00,3.392857142857142461e-01,8.888888888888889506e-01,1.052574501542181940e-04,1.286985807072407902e-02,0.000000000000000000e+00,0.000000000000000000e+00,9.996001599360216587e-05,2.538071065989847084e-03,0.000000000000000000e+00,0.000000000000000000e+00,0.000000000000000000e+00,0.000000000000000000e+00,1.329239276362149105e-05,0.000000000000000000e+00,7.626818020574737387e-05,1.960784313725492251e-02,1.000000000000000000e+00,2.325581395348836830e-02,0.000000000000000000e+00,3.991219317501481628e-05,2.111486486486476778e-05,0.000000000000000000e+00,0.000000000000000000e+00,0.000000000000000000e+00,0.000000000000000000e+00,1.000000000000000000e+00
0.000000000000000000e+00,0.000000000000000000e+00,3.392857142857142461e-01,8.888888888888889506e-01,1.398876069149137223e-04,1.286985807072407902e-02,0.000000000000000000e+00,0.000000000000000000e+00,5.997600959616150281e-04,4.230118443316411951e-03,0.000000000000000000e+00,0.000000000000000000e+00,0.000000000000000000e+00,0.000000000000000000e+00,1.329239276362149105e-05,0.000000000000000000e+00,4.788932245477082648e-05,4.549019607843138302e-01,1.000000000000000000e+00,2.325581395348836830e-02,0.000000000000000000e+00,1.995609658750818995e-06,4.222972972972764668e-06,0.000000000000000000e+00,1.267427122940427322e-05,0.000000000000000000e+00,0.000000000000000000e+00,1.000000000000000000e+00
0.000000000000000000e+00,0.000000000000000000e+00,3.392857142857142461e-01,8.888888888888889506e-01,1.389762870001584128e-04,1.286985807072407902e-02,0.000000000000000000e+00,0.000000000000000000e+00,9.996001599360258057e-04,8.460236886632825637e-03,0.000000000000000000e+00,0.000000000000000000e+00,0.000000000000000000e+00,0.000000000000000000e+00,1.329239276362149105e-05,0.000000000000000000e+00,3.369989357928384704e-05,4.705882352941176405e-01,1.000000000000000000e+00,2.325581395348836830e-02,0.000000000000000000e+00,1.995609658750818995e-06,4.222972972972764668e-06,0.000000000000000000e+00,1.267427122940427322e-05,0.000000000000000000e+00,0.000000000000000000e+00,1.000000000000000000e+00
0.000000000000000000e+00,0.000000000000000000e+00,3.392857142857142461e-01,8.888888888888889506e-01,1.325970475968721405e-04,1.286985807072407902e-02,0.000000000000000000e+00,0.000000000000000000e+00,6.997201119552171533e-04,3.384094754653129301e-03,0.000000000000000000e+00,0.000000000000000000e+00,0.000000000000000000e+00,0.000000000000000000e+00,1.329239276362149105e-05,0.000000000000000000e+00,5.853139411138800753e-05,4.509803921568627527e-01,1.000000000000000000e+00,2.325581395348836830e-02,0.000000000000000000e+00,1.995609658750818995e-06,8.445945945945844432e-06,0.000000000000000000e+00,0.000000000000000000e+00,0.000000000000000000e+00,0.000000000000000000e+00,1.000000000000000000e+00
0.000000000000000000e+00,0.000000000000000000e+00,3.392857142857142461e-01,8.888888888888889506e-01,1.321413876394949194e-04,1.286985807072407902e-02,0.000000000000000000e+00,0.000000000000000000e+00,1.599360255897640725e-03,7.614213197969542553e-03,0.000000000000000000e+00,0.000000000000000000e+00,0.000000000000000000e+00,0.000000000000000000e+00,1.329239276362149105e-05,0.000000000000000000e+00,3.724725079815365220e-05,4.862745098039215619e-01,1.000000000000000000e+00,2.325581395348836830e-02,0.000000000000000000e+00,1.995609658750818995e-06,8.445945945945844432e-06,0.000000000000000000e+00,0.000000000000000000e+00,0.000000000000000000e+00,0.000000000000000000e+00,1.000000000000000000e+00
0.000000000000000000e+00,0.000000000000000000e+00,3.392857142857142461e-01,8.888888888888889506e-01,1.321413876394949194e-04,1.286985807072407902e-02,0.000000000000000000e+00,0.000000000000000000e+00,9.996001599360216587e-05,0.000000000000000000e+00,0.000000000000000000e+00,0.000000000000000000e+00,0.000000000000000000e+00,0.000000000000000000e+00,1.329239276362149105e-05,0.000000000000000000e+00,0.000000000000000000e+00,5.215686274509804266e-01,1.000000000000000000e+00,2.325581395348836830e-02,0.000000000000000000e+00,1.995609658750818995e-06,8.445945945945844432e-06,0.000000000000000000e+00,0.000000000000000000e+00,0.000000000000000000e+00,0.000000000000000000e+00,1.000000000000000000e+00
0.000000000000000000e+00,0.000000000000000000e+00,8.928571428571427937e-01,8.888888888888889506e-01,3.449345877348191747e-04,1.286985807072407902e-02,0.000000000000000000e+00,0.000000000000000000e+00,9.996001599360216587e-05,4.230118443316407289e-04,0.000000000000000000e+00,0.000000000000000000e+00,0.000000000000000000e+00,0.000000000000000000e+00,1.329239276362149105e-05,0.000000000000000000e+00,1.773678609435963332e-04,9.215686274509804488e-01,6.980392156862745834e-01,1.581395348837209142e-02,3.000000000000000236e-02,0.000000000000000000e+00,4.222972972972764668e-06,0.000000000000000000e+00,0.000000000000000000e+00,2.666666666666694103e-05,5.917159763313351235e-05,1.000000000000000000e+00
0.000000000000000000e+00,0.000000000000000000e+00,3.392857142857142461e-01,8.888888888888889506e-01,1.330527075542502289e-04,1.286985807072407902e-02,0.000000000000000000e+00,0.000000000000000000e+00,1.999200319872063917e-04,4.230118443316407289e-04,0.000000000000000000e+00,0.000000000000000000e+00,0.000000000000000000e+00,0.000000000000000000e+00,1.329239276362149105e-05,0.000000000000000000e+00,0.000000000000000000e+00,2.627450980392156965e-01,1.000000000000000000e+00,2.325581395348836830e-02,0.000000000000000000e+00,1.995609658750818995e-06,1.689189189189200057e-05,0.000000000000000000e+00,0.000000000000000000e+00,0.000000000000000000e+00,0.000000000000000000e+00,1.000000000000000000e+00
0.000000000000000000e+00,1.000000000000000021e-02,8.035714285714284921e-01,8.888888888888889506e-01,4.784429552464527369e-05,1.286985807072407902e-02,0.000000000000000000e+00,0.000000000000000000e+00,9.996001599360216587e-05,0.000000000000000000e+00,0.000000000000000000e+00,0.000000000000000000e+00,0.000000000000000000e+00,0.000000000000000000e+00,1.329239276362149105e-05,0.000000000000000000e+00,0.000000000000000000e+00,1.000000000000000000e+00,9.882352941176471006e-01,2.302325581395348389e-02,1.000000000000000194e-02,0.000000000000000000e+00,0.000000000000000000e+00,0.000000000000000000e+00,0.000000000000000000e+00,0.000000000000000000e+00,0.000000000000000000e+00,1.000000000000000000e+00
0.000000000000000000e+00,0.000000000000000000e+00,3.392857142857142461e-01,8.888888888888889506e-01,1.312300677247396098e-04,1.286985807072407902e-02,0.000000000000000000e+00,0.000000000000000000e+00,1.999200319872063917e-04,4.230118443316407289e-04,0.000000000000000000e+00,0.000000000000000000e+00,0.000000000000000000e+00,0.000000000000000000e+00,1.329239276362149105e-05,0.000000000000000000e+00,0.000000000000000000e+00,2.901960784313725172e-01,1.000000000000000000e+00,2.325581395348836830e-02,0.000000000000000000e+00,5.986828976252144853e-06,1.689189189189200057e-05,0.000000000000000000e+00,0.000000000000000000e+00,0.000000000000000000e+00,0.000000000000000000e+00,1.000000000000000000e+00
0.000000000000000000e+00,0.000000000000000000e+00,3.392857142857142461e-01,8.888888888888889506e-01,1.325970475968721405e-04,1.286985807072407902e-02,0.000000000000000000e+00,0.000000000000000000e+00,1.199520191923230056e-03,4.653130287648053059e-03,0.000000000000000000e+00,0.000000000000000000e+00,0.000000000000000000e+00,0.000000000000000000e+00,1.329239276362149105e-05,0.000000000000000000e+00,0.000000000000000000e+00,3.294117647058824039e-01,1.000000000000000000e+00,2.325581395348836830e-02,0.000000000000000000e+00,1.995609658750818995e-06,1.689189189189200057e-05,0.000000000000000000e+00,0.000000000000000000e+00,0.000000000000000000e+00,0.000000000000000000e+00,1.000000000000000000e+00
0.000000000000000000e+00,0.000000000000000000e+00,3.392857142857142461e-01,8.888888888888889506e-01,1.321413876394949194e-04,1.286985807072407902e-02,0.000000000000000000e+00,0.000000000000000000e+00,2.199120351859255862e-03,8.883248730964465878e-03,0.000000000000000000e+00,0.000000000000000000e+00,0.000000000000000000e+00,0.000000000000000000e+00,1.329239276362149105e-05,0.000000000000000000e+00,0.000000000000000000e+00,3.686274509803921795e-01,1.000000000000000000e+00,2.325581395348836830e-02,0.000000000000000000e+00,1.995609658750818995e-06,1.689189189189200057e-05,0.000000000000000000e+00,0.000000000000000000e+00,0.000000000000000000e+00,0.000000000000000000e+00,1.000000000000000000e+00
0.000000000000000000e+00,1.000000000000000021e-02,8.035714285714284921e-01,8.888888888888889506e-01,4.784429552464527369e-05,1.286985807072407902e-02,0.000000000000000000e+00,0.000000000000000000e+00,9.996001599360216587e-05,0.000000000000000000e+00,0.000000000000000000e+00,0.000000000000000000e+00,0.000000000000000000e+00,0.000000000000000000e+00,1.329239276362149105e-05,0.000000000000000000e+00,0.000000000000000000e+00,1.000000000000000000e+00,9.882352941176471006e-01,2.302325581395348389e-02,1.000000000000000194e-02,0.000000000000000000e+00,0.000000000000000000e+00,0.000000000000000000e+00,0.000000000000000000e+00,0.000000000000000000e+00,0.000000000000000000e+00,1.000000000000000000e+00
6.889763779527558960e-03,0.000000000000000000e+00,8.928571428571427937e-01,8.888888888888889506e-01,8.835246573551041671e-04,1.286985807072407902e-02,0.000000000000000000e+00,0.000000000000000000e+00,9.996001599360216587e-05,4.230118443316407289e-04,0.000000000000000000e+00,0.000000000000000000e+00,0.000000000000000000e+00,0.000000000000000000e+00,1.329239276362149105e-05,0.000000000000000000e+00,1.773678609435963332e-04,1.000000000000000000e+00,5.019607843137254832e-01,1.162790697674418415e-02,2.000000000000000389e-02,0.000000000000000000e+00,0.000000000000000000e+00,0.000000000000000000e+00,0.000000000000000000e+00,0.000000000000000000e+00,0.000000000000000000e+00,1.000000000000000000e+00
1.181102362204724220e-02,0.000000000000000000e+00,8.928571428571427937e-01,8.888888888888889506e-01,3.508581671807273314e-04,1.286985807072407902e-02,0.000000000000000000e+00,0.000000000000000000e+00,9.996001599360216587e-05,4.230118443316407289e-04,0.000000000000000000e+00,0.000000000000000000e+00,0.000000000000000000e+00,0.000000000000000000e+00,1.329239276362149105e-05,0.000000000000000000e+00,1.773678609435963332e-04,9.529411764705882915e-01,6.549019607843137303e-01,1.488372093023255724e-02,1.000000000000000194e-02,0.000000000000000000e+00,4.222972972972764668e-06,0.000000000000000000e+00,0.000000000000000000e+00,0.000000000000000000e+00,0.000000000000000000e+00,1.000000000000000000e+00
0.000000000000000000e+00,0.000000000000000000e+00,3.392857142857142461e-01,8.888888888888889506e-01,1.407989268296690319e-04,1.286985807072407902e-02,0.000000000000000000e+00,0.000000000000000000e+00,1.999200319872063917e-04,4.230118443316407289e-04,0.000000000000000000e+00,0.000000000000000000e+00,0.000000000000000000e+00,0.000000000000000000e+00,1.329239276362149105e-05,0.000000000000000000e+00,0.000000000000000000e+00,1.000000000000000000e+00,1.000000000000000000e+00,2.325581395348836830e-02,0.000000000000000000e+00,0.000000000000000000e+00,0.000000000000000000e+00,0.000000000000000000e+00,0.000000000000000000e+00,0.000000000000000000e+00,0.000000000000000000e+00,1.000000000000000000e+00
0.000000000000000000e+00,0.000000000000000000e+00,3.392857142857142461e-01,8.888888888888889506e-01,1.421659067018015354e-04,1.286985807072407902e-02,0.000000000000000000e+00,0.000000000000000000e+00,3.998400639744107234e-04,1.692047377326564650e-03,0.000000000000000000e+00,0.000000000000000000e+00,0.000000000000000000e+00,0.000000000000000000e+00,1.329239276362149105e-05,0.000000000000000000e+00,7.094714437744008100e-05,1.000000000000000000e+00,1.000000000000000000e+00,2.325581395348836830e-02,0.000000000000000000e+00,0.000000000000000000e+00,0.000000000000000000e+00,0.000000000000000000e+00,0.000000000000000000e+00,0.000000000000000000e+00,0.000000000000000000e+00,1.000000000000000000e+00
0.000000000000000000e+00,0.000000000000000000e+00,3.392857142857142461e-01,8.888888888888889506e-01,1.448998664460665966e-04,1.286985807072407902e-02,0.000000000000000000e+00,0.000000000000000000e+00,9.996001599360216587e-05,5.499153976311337011e-03,0.000000000000000000e+00,0.000000000000000000e+00,0.000000000000000000e+00,0.000000000000000000e+00,1.329239276362149105e-05,0.000000000000000000e+00,3.724725079815365220e-05,5.490196078431373167e-02,1.000000000000000000e+00,2.325581395348836830e-02,0.000000000000000000e+00,1.396926761125542083e-05,1.689189189189200057e-05,0.000000000000000000e+00,0.000000000000000000e+00,0.000000000000000000e+00,0.000000000000000000e+00,1.000000000000000000e+00
0.000000000000000000e+00,0.000000000000000000e+00,3.392857142857142461e-01,8.888888888888889506e-01,1.439885465313121545e-04,1.286985807072407902e-02,0.000000000000000000e+00,0.000000000000000000e+00,2.099160335865653520e-03,9.729272419627749829e-03,0.000000000000000000e+00,0.000000000000000000e+00,0.000000000000000000e+00,0.000000000000000000e+00,1.329239276362149105e-05,0.000000000000000000e+00,2.128414331323176680e-05,1.000000000000000000e+00,1.000000000000000000e+00,2.325581395348836830e-02,0.000000000000000000e+00,0.000000000000000000e+00,0.000000000000000000e+00,0.000000000000000000e+00,0.000000000000000000e+00,0.000000000000000000e+00,0.000000000000000000e+00,1.000000000000000000e+00
0.000000000000000000e+00,0.000000000000000000e+00,3.392857142857142461e-01,8.888888888888889506e-01,1.417102467444243414e-04,1.286985807072407902e-02,0.000000000000000000e+00,0.000000000000000000e+00,2.898840463814474858e-03,1.395939086294416265e-02,0.000000000000000000e+00,0.000000000000000000e+00,0.000000000000000000e+00,0.000000000000000000e+00,1.329239276362149105e-05,0.000000000000000000e+00,1.596310748492447054e-05,1.000000000000000000e+00,1.000000000000000000e+00,2.325581395348836830e-02,0.000000000000000000e+00,0.000000000000000000e+00,0.000000000000000000e+00,0.000000000000000000e+00,0.000000000000000000e+00,0.000000000000000000e+00,0.000000000000000000e+00,1.000000000000000000e+00
8.858267716535432948e-03,0.000000000000000000e+00,8.928571428571427937e-01,8.888888888888889506e-01,4.871004944366202493e-04,1.286985807072407902e-02,0.000000000000000000e+00,0.000000000000000000e+00,9.996001599360216587e-05,4.230118443316407289e-04,0.000000000000000000e+00,0.000000000000000000e+00,0.000000000000000000e+00,0.000000000000000000e+00,1.329239276362149105e-05,0.000000000000000000e+00,1.773678609435963332e-04,1.000000000000000000e+00,5.803921568627451455e-01,1.348837209302325077e-02,2.000000000000000389e-02,0.000000000000000000e+00,0.000000000000000000e+00,0.000000000000000000e+00,0.000000000000000000e+00,0.000000000000000000e+00,0.000000000000000000e+00,1.000000000000000000e+00
0.000000000000000000e+00,0.000000000000000000e+00,3.392857142857142461e-01,8.888888888888889506e-01,1.485451461050878077e-04,1.286985807072407902e-02,0.000000000000000000e+00,0.000000000000000000e+00,5.997600959616150281e-04,2.115059221658205542e-03,0.000000000000000000e+00,0.000000000000000000e+00,0.000000000000000000e+00,0.000000000000000000e+00,1.329239276362149105e-05,0.000000000000000000e+00,0.000000000000000000e+00,1.882352941176470562e-01,1.000000000000000000e+00,2.325581395348836830e-02,0.000000000000000000e+00,3.991219317501326282e-06,8.445945945945844432e-06,0.000000000000000000e+00,0.000000000000000000e+00,0.000000000000000000e+00,0.000000000000000000e+00,1.000000000000000000e+00
0.000000000000000000e+00,0.000000000000000000e+00,3.392857142857142461e-01,8.888888888888889506e-01,1.458111863608219062e-04,1.286985807072407902e-02,0.000000000000000000e+00,0.000000000000000000e+00,1.499400239904038600e-03,5.922165820642977252e-03,0.000000000000000000e+00,0.000000000000000000e+00,0.000000000000000000e+00,0.000000000000000000e+00,1.329239276362149105e-05,0.000000000000000000e+00,0.000000000000000000e+00,2.235294117647058654e-01,1.000000000000000000e+00,2.325581395348836830e-02,0.000000000000000000e+00,3.991219317501326282e-06,8.445945945945844432e-06,0.000000000000000000e+00,0.000000000000000000e+00,0.000000000000000000e+00,0.000000000000000000e+00,1.000000000000000000e+00
0.000000000000000000e+00,0.000000000000000000e+00,3.392857142857142461e-01,8.888888888888889506e-01,1.243951683640761436e-04,1.286985807072407902e-02,0.000000000000000000e+00,0.000000000000000000e+00,4.998000799680129029e-04,1.692047377326564650e-03,0.000000000000000000e+00,0.000000000000000000e+00,0.000000000000000000e+00,0.000000000000000000e+00,1.329239276362149105e-05,0.000000000000000000e+00,0.000000000000000000e+00,3.019607843137254721e-01,1.000000000000000000e+00,2.325581395348836830e-02,0.000000000000000000e+00,1.995609658750818995e-06,4.222972972972764668e-06,1.666666666666500008e-06,0.000000000000000000e+00,0.000000000000000000e+00,0.000000000000000000e+00,-4.000000000000000000e+00
0.000000000000000000e+00,0.000000000000000000e+00,3.392857142857142461e-01,8.888888888888889506e-01,1.266734681509639566e-04,1.286985807072407902e-02,0.000000000000000000e+00,0.000000000000000000e+00,1.499400239904038600e-03,5.922165820642977252e-03,0.000000000000000000e+00,0.000000000000000000e+00,0.000000000000000000e+00,0.000000000000000000e+00,1.329239276362149105e-05,0.000000000000000000e+00,0.000000000000000000e+00,3.411764705882353033e-01,1.000000000000000000e+00,2.325581395348836830e-02,0.000000000000000000e+00,1.995609658750818995e-06,4.222972972972764668e-06,1.666666666666500008e-06,0.000000000000000000e+00,0.000000000000000000e+00,0.000000000000000000e+00,1.000000000000000000e+00
0.000000000000000000e+00,0.000000000000000000e+00,3.392857142857142461e-01,8.888888888888889506e-01,1.521904257641081785e-04,1.286985807072407902e-02,0.000000000000000000e+00,0.000000000000000000e+00,4.998000799680129029e-04,9.306260575296106119e-03,0.000000000000000000e+00,0.000000000000000000e+00,0.000000000000000000e+00,0.000000000000000000e+00,1.329239276362149105e-05,0.000000000000000000e+00,1.596310748492447054e-05,1.000000000000000000e+00,1.000000000000000000e+00,2.325581395348836830e-02,0.000000000000000000e+00,0.000000000000000000e+00,0.000000000000000000e+00,0.000000000000000000e+00,0.000000000000000000e+00,0.000000000000000000e+00,0.000000000000000000e+00,1.000000000000000000e+00
0.000000000000000000e+00,0.000000000000000000e+00,3.392857142857142461e-01,8.888888888888889506e-01,1.243951683640761436e-04,1.286985807072407902e-02,0.000000000000000000e+00,0.000000000000000000e+00,2.099160335865653520e-03,1.353637901861252067e-02,0.000000000000000000e+00,0.000000000000000000e+00,0.000000000000000000e+00,0.000000000000000000e+00,1.329239276362149105e-05,0.000000000000000000e+00,1.064207165661717597e-05,3.647058823529412130e-01,1.000000000000000000e+00,2.325581395348836830e-02,0.000000000000000000e+00,1.995609658750818995e-06,4.222972972972764668e-06,1.666666666666500008e-06,0.000000000000000000e+00,0.000000000000000000e+00,0.000000000000000000e+00,1.000000000000000000e+00
0.000000000000000000e+00,0.000000000000000000e+00,3.392857142857142461e-01,8.888888888888889506e-01,1.262178081935867355e-04,1.286985807072407902e-02,0.000000000000000000e+00,0.000000000000000000e+00,2.399040383846462281e-03,1.776649746192893176e-02,0.000000000000000000e+00,0.000000000000000000e+00,0.000000000000000000e+00,0.000000000000000000e+00,1.329239276362149105e-05,0.000000000000000000e+00,8.868393047179686558e-06,3.764705882352941124e-01,1.000000000000000000e+00,2.325581395348836830e-02,0.000000000000000000e+00,1.995609658750818995e-06,4.222972972972764668e-06,1.666666666666500008e-06,0.000000000000000000e+00,0.000000000000000000e+00,0.000000000000000000e+00,1.000000000000000000e+00
0.000000000000000000e+00,0.000000000000000000e+00,3.392857142857142461e-01,8.888888888888889506e-01,1.202942287476785652e-04,1.286985807072407902e-02,0.000000000000000000e+00,0.000000000000000000e+00,1.999200319872063917e-04,4.230118443316407289e-04,0.000000000000000000e+00,0.000000000000000000e+00,0.000000000000000000e+00,0.000000000000000000e+00,1.329239276362149105e-05,0.000000000000000000e+00,0.000000000000000000e+00,2.431372549019607809e-01,1.000000000000000000e+00,2.325581395348836830e-02,0.000000000000000000e+00,3.991219317501326282e-06,8.445945945945844432e-06,0.000000000000000000e+00,0.000000000000000000e+00,0.000000000000000000e+00,0.000000000000000000e+00,1.000000000000000000e+00
0.000000000000000000e+00,0.000000000000000000e+00,3.392857142857142461e-01,8.888888888888889506e-01,1.262178081935867355e-04,1.286985807072407902e-02,0.000000000000000000e+00,0.000000000000000000e+00,1.999200319872063917e-04,4.230118443316407289e-04,0.000000000000000000e+00,0.000000000000000000e+00,0.000000000000000000e+00,0.000000000000000000e+00,1.329239276362149105e-05,0.000000000000000000e+00,0.000000000000000000e+00,1.000000000000000000e+00,1.000000000000000000e+00,2.325581395348836830e-02,0.000000000000000000e+00,0.000000000000000000e+00,0.000000000000000000e+00,0.000000000000000000e+00,0.000000000000000000e+00,0.000000000000000000e+00,0.000000000000000000e+00,1.000000000000000000e+00
0.000000000000000000e+00,0.000000000000000000e+00,3.392857142857142461e-01,8.888888888888889506e-01,1.544687255509959915e-04,1.286985807072407902e-02,0.000000000000000000e+00,0.000000000000000000e+00,7.996801279488214469e-04,4.230118443316411951e-03,0.000000000000000000e+00,0.000000000000000000e+00,0.000000000000000000e+00,0.000000000000000000e+00,1.329239276362149105e-05,0.000000000000000000e+00,3.192621496984894108e-05,1.000000000000000000e+00,1.000000000000000000e+00,2.325581395348836830e-02,0.000000000000000000e+00,0.000000000000000000e+00,0.000000000000000000e+00,0.000000000000000000e+00,0.000000000000000000e+00,0.000000000000000000e+00,0.000000000000000000e+00,1.000000000000000000e+00
0.000000000000000000e+00,0.000000000000000000e+00,3.392857142857142461e-01,8.888888888888889506e-01,1.544687255509959915e-04,1.286985807072407902e-02,0.000000000000000000e+00,0.000000000000000000e+00,1.699320271891242851e-03,6.768189509306259469e-03,0.000000000000000000e+00,0.000000000000000000e+00,0.000000000000000000e+00,0.000000000000000000e+00,1.329239276362149105e-05,0.000000000000000000e+00,0.000000000000000000e+00,1.000000000000000000e+00,1.000000000000000000e+00,2.325581395348836830e-02,0.000000000000000000e+00,0.000000000000000000e+00,0.000000000000000000e+00,0.000000000000000000e+00,0.000000000000000000e+00,0.000000000000000000e+00,0.000000000000000000e+00,1.000000000000000000e+00
0.000000000000000000e+00,0.000000000000000000e+00,2.321428571428571230e-01,8.888888888888889506e-01,2.733959744265919723e-06,1.286985807072407902e-02,0.000000000000000000e+00,0.000000000000000000e+00,1.999200319872063917e-04,0.000000000000000000e+00,0.000000000000000000e+00,0.000000000000000000e+00,0.000000000000000000e+00,0.000000000000000000e+00,6.646196381810745523e-06,2.736726874657909774e-04,0.000000000000000000e+00,7.568627450980393023e-01,1.294117647058823650e-01,3.023255813953485208e-03,3.000000000000000236e-02,1.995609658750818995e-06,2.533783783783784670e-05,0.000000000000000000e+00,0.000000000000000000e+00,6.666666666666523499e-06,0.000000000000000000e+00,1.000000000000000000e+00
0.000000000000000000e+00,0.000000000000000000e+00,3.392857142857142461e-01,8.888888888888889506e-01,1.339640274690055385e-04,1.286985807072407902e-02,0.000000000000000000e+00,0.000000000000000000e+00,7.996801279488214469e-04,3.807106598984771276e-03,0.000000000000000000e+00,0.000000000000000000e+00,0.000000000000000000e+00,0.000000000000000000e+00,1.329239276362149105e-05,0.000000000000000000e+00,5.321035828307812613e-05,1.000000000000000000e+00,1.000000000000000000e+00,2.325581395348836830e-02,0.000000000000000000e+00,0.000000000000000000e+00,0.000000000000000000e+00,0.000000000000000000e+00,0.000000000000000000e+00,0.000000000000000000e+00,0.000000000000000000e+00,1.000000000000000000e+00
0.000000000000000000e+00,0.000000000000000000e+00,3.392857142857142461e-01,8.888888888888889506e-01,1.339640274690055385e-04,1.286985807072407902e-02,0.000000000000000000e+00,0.000000000000000000e+00,1.799280287884847144e-03,8.037225042301183661e-03,0.000000000000000000e+00,0.000000000000000000e+00,0.000000000000000000e+00,0.000000000000000000e+00,1.329239276362149105e-05,0.000000000000000000e+00,2.660517914154164821e-05,1.000000000000000000e+00,1.000000000000000000e+00,2.325581395348836830e-02,0.000000000000000000e+00,0.000000000000000000e+00,0.000000000000000000e+00,0.000000000000000000e+00,0.000000000000000000e+00,0.000000000000000000e+00,0.000000000000000000e+00,1.000000000000000000e+00
0.000000000000000000e+00,0.000000000000000000e+00,3.392857142857142461e-01,8.888888888888889506e-01,1.339640274690055385e-04,1.286985807072407902e-02,0.000000000000000000e+00,0.000000000000000000e+00,2.798880447820870782e-03,1.226734348561759821e-02,0.000000000000000000e+00,0.000000000000000000e+00,0.000000000000000000e+00,0.000000000000000000e+00,1.329239276362149105e-05,0.000000000000000000e+00,1.773678609435937312e-05,1.000000000000000000e+00,1.000000000000000000e+00,2.325581395348836830e-02,0.000000000000000000e+00,0.000000000000000000e+00,0.000000000000000000e+00,0.000000000000000000e+00,0.000000000000000000e+00,0.000000000000000000e+00,0.000000000000000000e+00,1.000000000000000000e+00
0.000000000000000000e+00,0.000000000000000000e+00,3.392857142857142461e-01,8.888888888888889506e-01,1.330527075542502289e-04,1.286985807072407902e-02,0.000000000000000000e+00,0.000000000000000000e+00,3.798480607756896370e-03,1.649746192893401103e-02,0.000000000000000000e+00,0.000000000000000000e+00,0.000000000000000000e+00,0.000000000000000000e+00,1.329239276362149105e-05,0.000000000000000000e+00,1.418942887548698282e-05,1.000000000000000000e+00,1.000000000000000000e+00,2.325581395348836830e-02,0.000000000000000000e+00,0.000000000000000000e+00,0.000000000000000000e+00,0.000000000000000000e+00,0.000000000000000000e+00,0.000000000000000000e+00,0.000000000000000000e+00,1.000000000000000000e+00
0.000000000000000000e+00,0.000000000000000000e+00,3.392857142857142461e-01,8.888888888888889506e-01,1.339640274690055385e-04,1.286985807072407902e-02,0.000000000000000000e+00,0.000000000000000000e+00,4.298280687724909815e-03,1.776649746192893176e-02,0.000000000000000000e+00,0.000000000000000000e+00,0.000000000000000000e+00,0.000000000000000000e+00,1.329239276362149105e-05,0.000000000000000000e+00,0.000000000000000000e+00,1.000000000000000000e+00,1.000000000000000000e+00,2.325581395348836830e-02,0.000000000000000000e+00,0.000000000000000000e+00,0.000000000000000000e+00,0.000000000000000000e+00,0.000000000000000000e+00,0.000000000000000000e+00,0.000000000000000000e+00,1.000000000000000000e+00
0.000000000000000000e+00,0.000000000000000000e+00,3.392857142857142461e-01,8.888888888888889506e-01,1.330527075542502289e-04,1.286985807072407902e-02,0.000000000000000000e+00,0.000000000000000000e+00,5.297880847660934971e-03,2.199661590524534804e-02,0.000000000000000000e+00,0.000000000000000000e+00,0.000000000000000000e+00,0.000000000000000000e+00,1.329239276362149105e-05,0.000000000000000000e+00,0.000000000000000000e+00,1.000000000000000000e+00,1.000000000000000000e+00,2.325581395348836830e-02,0.000000000000000000e+00,0.000000000000000000e+00,0.000000000000000000e+00,0.000000000000000000e+00,0.000000000000000000e+00,0.000000000000000000e+00,0.000000000000000000e+00,1.000000000000000000e+00
0.000000000000000000e+00,0.000000000000000000e+00,3.392857142857142461e-01,8.888888888888889506e-01,1.330527075542502289e-04,1.286985807072407902e-02,0.000000000000000000e+00,0.000000000000000000e+00,4.198320671731307040e-03,1.734348561759729151e-02,0.000000000000000000e+00,0.000000000000000000e+00,0.000000000000000000e+00,0.000000000000000000e+00,1.329239276362149105e-05,0.000000000000000000e+00,0.000000000000000000e+00,1.000000000000000000e+00,1.000000000000000000e+00,2.325581395348836830e-02,0.000000000000000000e+00,0.000000000000000000e+00,0.000000000000000000e+00,0.000000000000000000e+00,0.000000000000000000e+00,0.000000000000000000e+00,0.000000000000000000e+00,1.000000000000000000e+00
0.000000000000000000e+00,0.000000000000000000e+00,3.392857142857142461e-01,8.888888888888889506e-01,1.207498887050557863e-04,1.286985807072407902e-02,0.000000000000000000e+00,0.000000000000000000e+00,9.996001599360216587e-05,0.000000000000000000e+00,0.000000000000000000e+00,0.000000000000000000e+00,0.000000000000000000e+00,0.000000000000000000e+00,1.329239276362149105e-05,0.000000000000000000e+00,0.000000000000000000e+00,1.372549019607842702e-01,1.000000000000000000e+00,2.325581395348836830e-02,0.000000000000000000e+00,5.986828976252144853e-06,1.266891891891892335e-05,0.000000000000000000e+00,1.267427122940427322e-05,0.000000000000000000e+00,0.000000000000000000e+00,1.000000000000000000e+00
0.000000000000000000e+00,0.000000000000000000e+00,3.392857142857142461e-01,8.888888888888889506e-01,9.341029126240183984e-05,1.286985807072407902e-02,0.000000000000000000e+00,0.000000000000000000e+00,9.996001599360216587e-05,0.000000000000000000e+00,0.000000000000000000e+00,0.000000000000000000e+00,0.000000000000000000e+00,0.000000000000000000e+00,1.329239276362149105e-05,0.000000000000000000e+00,0.000000000000000000e+00,2.666666666666666630e-01,1.000000000000000000e+00,2.325581395348836830e-02,0.000000000000000000e+00,1.995609658750818995e-06,8.445945945945844432e-06,0.000000000000000000e+00,0.000000000000000000e+00,0.000000000000000000e+00,0.000000000000000000e+00,1.000000000000000000e+00
0.000000000000000000e+00,1.000000000000000021e-02,8.035714285714284921e-01,8.888888888888889506e-01,4.784429552464527369e-05,1.286985807072407902e-02,0.000000000000000000e+00,0.000000000000000000e+00,9.996001599360216587e-05,0.000000000000000000e+00,0.000000000000000000e+00,0.000000000000000000e+00,0.000000000000000000e+00,0.000000000000000000e+00,1.329239276362149105e-05,0.000000000000000000e+00,0.000000000000000000e+00,1.000000000000000000e+00,9.960784313725490335e-01,2.325581395348836830e-02,1.000000000000000194e-02,0.000000000000000000e+00,0.000000000000000000e+00,0.000000000000000000e+00,0.000000000000000000e+00,0.000000000000000000e+00,0.000000000000000000e+00,-4.000000000000000000e+00
0.000000000000000000e+00,0.000000000000000000e+00,3.392857142857142461e-01,8.888888888888889506e-01,1.385206270427811917e-04,1.286985807072407902e-02,0.000000000000000000e+00,0.000000000000000000e+00,7.996801279488214469e-04,2.961082910321488626e-03,0.000000000000000000e+00,0.000000000000000000e+00,0.000000000000000000e+00,0.000000000000000000e+00,1.329239276362149105e-05,0.000000000000000000e+00,0.000000000000000000e+00,1.000000000000000000e+00,1.000000000000000000e+00,2.325581395348836830e-02,0.000000000000000000e+00,0.000000000000000000e+00,0.000000000000000000e+00,0.000000000000000000e+00,0.000000000000000000e+00,0.000000000000000000e+00,0.000000000000000000e+00,1.000000000000000000e+00
0.000000000000000000e+00,0.000000000000000000e+00,3.392857142857142461e-01,8.888888888888889506e-01,1.676828643149448628e-04,1.286985807072407902e-02,0.000000000000000000e+00,0.000000000000000000e+00,9.996001599360216587e-05,1.269035532994923108e-03,0.000000000000000000e+00,0.000000000000000000e+00,0.000000000000000000e+00,0.000000000000000000e+00,1.329239276362149105e-05,0.000000000000000000e+00,1.330258957076978937e-04,7.058823529411761832e-02,1.000000000000000000e+00,2.325581395348836830e-02,0.000000000000000000e+00,1.197365795250460141e-05,8.445945945945844432e-06,0.000000000000000000e+00,1.267427122940427322e-05,0.000000000000000000e+00,0.000000000000000000e+00,1.000000000000000000e+00
0.000000000000000000e+00,0.000000000000000000e+00,3.392857142857142461e-01,8.888888888888889506e-01,1.398876069149137223e-04,1.286985807072407902e-02,0.000000000000000000e+00,0.000000000000000000e+00,2.998800479808085440e-04,8.460236886632814578e-04,0.000000000000000000e+00,0.000000000000000000e+00,0.000000000000000000e+00,0.000000000000000000e+00,1.329239276362149105e-05,0.000000000000000000e+00,0.000000000000000000e+00,1.000000000000000000e+00,1.000000000000000000e+00,2.325581395348836830e-02,0.000000000000000000e+00,0.000000000000000000e+00,0.000000000000000000e+00,0.000000000000000000e+00,0.000000000000000000e+00,0.000000000000000000e+00,0.000000000000000000e+00,1.000000000000000000e+00
0.000000000000000000e+00,0.000000000000000000e+00,3.392857142857142461e-01,8.888888888888889506e-01,1.895545422690687409e-04,1.286985807072407902e-02,0.000000000000000000e+00,0.000000000000000000e+00,1.299480207916834350e-03,5.076142131979694168e-03,0.000000000000000000e+00,0.000000000000000000e+00,0.000000000000000000e+00,0.000000000000000000e+00,1.329239276362149105e-05,0.000000000000000000e+00,0.000000000000000000e+00,1.000000000000000000e+00,1.000000000000000000e+00,2.325581395348836830e-02,0.000000000000000000e+00,0.000000000000000000e+00,0.000000000000000000e+00,0.000000000000000000e+00,0.000000000000000000e+00,0.000000000000000000e+00,0.000000000000000000e+00,1.000000000000000000e+00
0.000000000000000000e+00,0.000000000000000000e+00,3.392857142857142461e-01,8.888888888888889506e-01,1.430772266165568449e-04,1.286985807072407902e-02,0.000000000000000000e+00,0.000000000000000000e+00,1.999200319872051611e-03,8.883248730964465878e-03,0.000000000000000000e+00,0.000000000000000000e+00,0.000000000000000000e+00,0.000000000000000000e+00,1.329239276362149105e-05,0.000000000000000000e+00,1.596310748492447054e-05,1.000000000000000000e+00,1.000000000000000000e+00,2.325581395348836830e-02,0.000000000000000000e+00,0.000000000000000000e+00,0.000000000000000000e+00,0.000000000000000000e+00,0.000000000000000000e+00,0.000000000000000000e+00,0.000000000000000000e+00,1.000000000000000000e+00
0.000000000000000000e+00,0.000000000000000000e+00,3.392857142857142461e-01,8.888888888888889506e-01,1.148263092591476025e-04,1.286985807072407902e-02,0.000000000000000000e+00,0.000000000000000000e+00,1.999200319872063917e-04,4.230118443316407289e-04,0.000000000000000000e+00,0.000000000000000000e+00,0.000000000000000000e+00,0.000000000000000000e+00,1.329239276362149105e-05,0.000000000000000000e+00,0.000000000000000000e+00,1.490196078431373083e-01,1.000000000000000000e+00,2.325581395348836830e-02,0.000000000000000000e+00,5.986828976252144853e-06,1.689189189189200057e-05,0.000000000000000000e+00,0.000000000000000000e+00,0.000000000000000000e+00,0.000000000000000000e+00,1.000000000000000000e+00
0.000000000000000000e+00,1.000000000000000021e-02,8.035714285714284921e-01,8.888888888888889506e-01,4.784429552464527369e-05,1.286985807072407902e-02,0.000000000000000000e+00,0.000000000000000000e+00,9.996001599360216587e-05,0.000000000000000000e+00,0.000000000000000000e+00,0.000000000000000000e+00,0.000000000000000000e+00,0.000000000000000000e+00,1.329239276362149105e-05,0.000000000000000000e+00,0.000000000000000000e+00,1.000000000000000000e+00,9.960784313725490335e-01,2.325581395348836830e-02,1.000000000000000194e-02,0.000000000000000000e+00,0.000000000000000000e+00,0.000000000000000000e+00,0.000000000000000000e+00,0.000000000000000000e+00,0.000000000000000000e+00,1.000000000000000000e+00
0.000000000000000000e+00,0.000000000000000000e+00,3.392857142857142461e-01,8.888888888888889506e-01,1.403432668722909434e-04,1.286985807072407902e-02,0.000000000000000000e+00,0.000000000000000000e+00,7.996801279488214469e-04,3.384094754653129301e-03,0.000000000000000000e+00,0.000000000000000000e+00,0.000000000000000000e+00,0.000000000000000000e+00,1.329239276362149105e-05,0.000000000000000000e+00,3.902092940759113992e-05,1.000000000000000000e+00,1.000000000000000000e+00,2.325581395348836830e-02,0.000000000000000000e+00,0.000000000000000000e+00,0.000000000000000000e+00,0.000000000000000000e+00,0.000000000000000000e+00,0.000000000000000000e+00,0.000000000000000000e+00,1.000000000000000000e+00
0.000000000000000000e+00,0.000000000000000000e+00,8.928571428571427937e-01,8.888888888888889506e-01,0.000000000000000000e+00,1.286985807072407902e-02,0.000000000000000000e+00,0.000000000000000000e+00,9.996001599360216587e-05,0.000000000000000000e+00,0.000000000000000000e+00,0.000000000000000000e+00,0.000000000000000000e+00,0.000000000000000000e+00,1.329239276362149105e-05,0.000000000000000000e+00,0.000000000000000000e+00,1.000000000000000000e+00,2.627450980392156965e-01,6.046511627906976487e-03,2.000000000000000389e-02,0.000000000000000000e+00,0.000000000000000000e+00,0.000000000000000000e+00,0.000000000000000000e+00,6.666666666666523499e-06,2.958579881656910754e-05,1.000000000000000000e+00
0.000000000000000000e+00,0.000000000000000000e+00,3.392857142857142461e-01,8.888888888888889506e-01,1.266734681509639566e-04,1.286985807072407902e-02,0.000000000000000000e+00,0.000000000000000000e+00,4.998000799680129029e-04,1.692047377326564650e-03,0.000000000000000000e+00,0.000000000000000000e+00,0.000000000000000000e+00,0.000000000000000000e+00,1.329239276362149105e-05,0.000000000000000000e+00,0.000000000000000000e+00,1.000000000000000000e+00,1.000000000000000000e+00,2.325581395348836830e-02,0.000000000000000000e+00,0.000000000000000000e+00,0.000000000000000000e+00,0.000000000000000000e+00,0.000000000000000000e+00,0.000000000000000000e+00,0.000000000000000000e+00,1.000000000000000000e+00
0.000000000000000000e+00,0.000000000000000000e+00,3.392857142857142461e-01,8.888888888888889506e-01,1.303187478099843003e-04,1.286985807072407902e-02,0.000000000000000000e+00,0.000000000000000000e+00,1.399440223910436475e-03,5.499153976311337011e-03,0.000000000000000000e+00,0.000000000000000000e+00,0.000000000000000000e+00,0.000000000000000000e+00,1.329239276362149105e-05,0.000000000000000000e+00,0.000000000000000000e+00,1.000000000000000000e+00,1.000000000000000000e+00,2.325581395348836830e-02,0.000000000000000000e+00,0.000000000000000000e+00,0.000000000000000000e+00,0.000000000000000000e+00,0.000000000000000000e+00,0.000000000000000000e+00,0.000000000000000000e+00,1.000000000000000000e+00
0.000000000000000000e+00,0.000000000000000000e+00,3.392857142857142461e-01,8.888888888888889506e-01,1.303187478099843003e-04,1.286985807072407902e-02,0.000000000000000000e+00,0.000000000000000000e+00,1.399440223910436475e-03,5.499153976311337011e-03,0.000000000000000000e+00,0.000000000000000000e+00,0.000000000000000000e+00,0.000000000000000000e+00,1.329239276362149105e-05,0.000000000000000000e+00,0.000000000000000000e+00,1.000000000000000000e+00,1.000000000000000000e+00,2.325581395348836830e-02,0.000000000000000000e+00,0.000000000000000000e+00,0.000000000000000000e+00,0.000000000000000000e+00,0.000000000000000000e+00,0.000000000000000000e+00,0.000000000000000000e+00,1.000000000000000000e+00
0.000000000000000000e+00,0.000000000000000000e+00,3.392857142857142461e-01,8.888888888888889506e-01,1.412545867870462529e-04,1.286985807072407902e-02,0.000000000000000000e+00,0.000000000000000000e+00,9.996001599360216587e-05,0.000000000000000000e+00,0.000000000000000000e+00,0.000000000000000000e+00,0.000000000000000000e+00,0.000000000000000000e+00,1.329239276362149105e-05,0.000000000000000000e+00,0.000000000000000000e+00,1.000000000000000000e+00,1.000000000000000000e+00,2.325581395348836830e-02,0.000000000000000000e+00,0.000000000000000000e+00,0.000000000000000000e+00,0.000000000000000000e+00,0.000000000000000000e+00,0.000000000000000000e+00,0.000000000000000000e+00,1.000000000000000000e+00
0.000000000000000000e+00,0.000000000000000000e+00,3.392857142857142461e-01,8.888888888888889506e-01,1.430772266165568449e-04,1.286985807072407902e-02,0.000000000000000000e+00,0.000000000000000000e+00,1.099560175929627931e-03,4.230118443316411951e-03,0.000000000000000000e+00,0.000000000000000000e+00,0.000000000000000000e+00,0.000000000000000000e+00,1.329239276362149105e-05,0.000000000000000000e+00,0.000000000000000000e+00,1.000000000000000000e+00,1.000000000000000000e+00,2.325581395348836830e-02,0.000000000000000000e+00,0.000000000000000000e+00,0.000000000000000000e+00,0.000000000000000000e+00,0.000000000000000000e+00,0.000000000000000000e+00,0.000000000000000000e+00,1.000000000000000000e+00
0.000000000000000000e+00,0.000000000000000000e+00,3.392857142857142461e-01,8.888888888888889506e-01,1.458111863608219062e-04,1.286985807072407902e-02,0.000000000000000000e+00,0.000000000000000000e+00,1.999200319872063917e-04,1.269035532994923108e-03,0.000000000000000000e+00,0.000000000000000000e+00,0.000000000000000000e+00,0.000000000000000000e+00,1.329239276362149105e-05,0.000000000000000000e+00,8.868393047179945411e-05,1.843137254901961175e-01,1.000000000000000000e+00,2.325581395348836830e-02,0.000000000000000000e+00,3.991219317501326282e-06,1.266891891891892335e-05,0.000000000000000000e+00,1.267427122940427322e-05,0.000000000000000000e+00,0.000000000000000000e+00,2.000000000000000000e+00
0.000000000000000000e+00,0.000000000000000000e+00,3.392857142857142461e-01,8.888888888888889506e-01,7.791785271156426108e-05,1.286985807072407902e-02,0.000000000000000000e+00,0.000000000000000000e+00,9.996001599360216587e-05,4.230118443316411951e-03,0.000000000000000000e+00,0.000000000000000000e+00,0.000000000000000000e+00,0.000000000000000000e+00,1.329239276362149105e-05,0.000000000000000000e+00,6.385242993969530718e-05,2.941176470588235947e-01,1.000000000000000000e+00,2.325581395348836830e-02,0.000000000000000000e+00,1.995609658750818995e-06,8.445945945945844432e-06,0.000000000000000000e+00,0.000000000000000000e+00,0.000000000000000000e+00,0.000000000000000000e+00,2.000000000000000000e+00
0.000000000000000000e+00,0.000000000000000000e+00,3.392857142857142461e-01,8.888888888888889506e-01,1.444442064886893755e-04,1.286985807072407902e-02,0.000000000000000000e+00,0.000000000000000000e+00,1.999200319872063917e-04,4.230118443316407289e-04,0.000000000000000000e+00,0.000000000000000000e+00,0.000000000000000000e+00,0.000000000000000000e+00,1.329239276362149105e-05,0.000000000000000000e+00,0.000000000000000000e+00,1.000000000000000000e+00,1.000000000000000000e+00,2.325581395348836830e-02,0.000000000000000000e+00,0.000000000000000000e+00,0.000000000000000000e+00,0.000000000000000000e+00,0.000000000000000000e+00,0.000000000000000000e+00,0.000000000000000000e+00,2.000000000000000000e+00
0.000000000000000000e+00,0.000000000000000000e+00,3.392857142857142461e-01,8.888888888888889506e-01,1.599366450395269543e-04,1.286985807072407902e-02,0.000000000000000000e+00,0.000000000000000000e+00,2.998800479808085440e-04,8.460236886632814578e-04,0.000000000000000000e+00,0.000000000000000000e+00,0.000000000000000000e+00,0.000000000000000000e+00,1.329239276362149105e-05,0.000000000000000000e+00,0.000000000000000000e+00,1.000000000000000000e+00,1.000000000000000000e+00,2.325581395348836830e-02,0.000000000000000000e+00,0.000000000000000000e+00,0.000000000000000000e+00,0.000000000000000000e+00,0.000000000000000000e+00,0.000000000000000000e+00,0.000000000000000000e+00,2.000000000000000000e+00
0.000000000000000000e+00,0.000000000000000000e+00,3.392857142857142461e-01,8.888888888888889506e-01,1.366979872132705726e-04,1.286985807072407902e-02,0.000000000000000000e+00,0.000000000000000000e+00,9.996001599360216587e-05,0.000000000000000000e+00,0.000000000000000000e+00,0.000000000000000000e+00,0.000000000000000000e+00,0.000000000000000000e+00,1.329239276362149105e-05,0.000000000000000000e+00,0.000000000000000000e+00,1.000000000000000000e+00,1.000000000000000000e+00,2.325581395348836830e-02,0.000000000000000000e+00,0.000000000000000000e+00,0.000000000000000000e+00,0.000000000000000000e+00,0.000000000000000000e+00,0.000000000000000000e+00,0.000000000000000000e+00,2.000000000000000000e+00
0.000000000000000000e+00,0.000000000000000000e+00,3.392857142857142461e-01,8.888888888888889506e-01,1.407989268296690319e-04,1.286985807072407902e-02,0.000000000000000000e+00,0.000000000000000000e+00,1.099560175929627931e-03,4.230118443316411951e-03,0.000000000000000000e+00,0.000000000000000000e+00,0.000000000000000000e+00,0.000000000000000000e+00,1.329239276362149105e-05,0.000000000000000000e+00,0.000000000000000000e+00,1.000000000000000000e+00,1.000000000000000000e+00,2.325581395348836830e-02,0.000000000000000000e+00,0.000000000000000000e+00,0.000000000000000000e+00,0.000000000000000000e+00,0.000000000000000000e+00,0.000000000000000000e+00,0.000000000000000000e+00,2.000000000000000000e+00
0.000000000000000000e+00,0.000000000000000000e+00,3.392857142857142461e-01,8.888888888888889506e-01,1.380649670854031032e-04,1.286985807072407902e-02,0.000000000000000000e+00,0.000000000000000000e+00,2.099160335865653520e-03,8.460236886632825637e-03,0.000000000000000000e+00,0.000000000000000000e+00,0.000000000000000000e+00,0.000000000000000000e+00,1.329239276362149105e-05,0.000000000000000000e+00,0.000000000000000000e+00,1.000000000000000000e+00,1.000000000000000000e+00,2.325581395348836830e-02,0.000000000000000000e+00,0.000000000000000000e+00,0.000000000000000000e+00,0.000000000000000000e+00,0.000000000000000000e+00,0.000000000000000000e+00,0.000000000000000000e+00,2.000000000000000000e+00
0.000000000000000000e+00,0.000000000000000000e+00,3.392857142857142461e-01,8.888888888888889506e-01,1.389762870001584128e-04,1.286985807072407902e-02,0.000000000000000000e+00,0.000000000000000000e+00,3.098760495801679542e-03,1.269035532994923846e-02,0.000000000000000000e+00,0.000000000000000000e+00,0.000000000000000000e+00,0.000000000000000000e+00,1.329239276362149105e-05,0.000000000000000000e+00,0.000000000000000000e+00,1.000000000000000000e+00,1.000000000000000000e+00,2.325581395348836830e-02,0.000000000000000000e+00,0.000000000000000000e+00,0.000000000000000000e+00,0.000000000000000000e+00,0.000000000000000000e+00,0.000000000000000000e+00,0.000000000000000000e+00,2.000000000000000000e+00
0.000000000000000000e+00,0.000000000000000000e+00,3.392857142857142461e-01,8.888888888888889506e-01,1.371536471706477937e-04,1.286985807072407902e-02,0.000000000000000000e+00,0.000000000000000000e+00,1.999200319872063917e-04,4.230118443316407289e-04,0.000000000000000000e+00,0.000000000000000000e+00,0.000000000000000000e+00,0.000000000000000000e+00,1.329239276362149105e-05,0.000000000000000000e+00,0.000000000000000000e+00,7.843137254901984962e-03,1.000000000000000000e+00,2.325581395348836830e-02,0.000000000000000000e+00,9.978048293753751842e-05,4.222972972972764668e-06,0.000000000000000000e+00,0.000000000000000000e+00,0.000000000000000000e+00,0.000000000000000000e+00,2.000000000000000000e+00
0.000000000000000000e+00,0.000000000000000000e+00,3.392857142857142461e-01,8.888888888888889506e-01,1.371536471706477937e-04,1.286985807072407902e-02,0.000000000000000000e+00,0.000000000000000000e+00,1.099560175929627931e-03,4.230118443316411951e-03,0.000000000000000000e+00,0.000000000000000000e+00,0.000000000000000000e+00,0.000000000000000000e+00,1.329239276362149105e-05,0.000000000000000000e+00,0.000000000000000000e+00,4.313725490196079759e-02,1.000000000000000000e+00,2.325581395348836830e-02,0.000000000000000000e+00,1.796048692875674627e-05,4.222972972972764668e-06,0.000000000000000000e+00,0.000000000000000000e+00,0.000000000000000000e+00,0.000000000000000000e+00,2.000000000000000000e+00
0.000000000000000000e+00,0.000000000000000000e+00,3.392857142857142461e-01,8.888888888888889506e-01,1.120923495148816874e-04,1.286985807072407902e-02,0.000000000000000000e+00,0.000000000000000000e+00,2.998800479808085440e-04,1.269035532994923108e-03,0.000000000000000000e+00,0.000000000000000000e+00,0.000000000000000000e+00,0.000000000000000000e+00,1.329239276362149105e-05,0.000000000000000000e+00,8.868393047179945411e-05,1.000000000000000000e+00,1.000000000000000000e+00,2.325581395348836830e-02,0.000000000000000000e+00,0.000000000000000000e+00,0.000000000000000000e+00,0.000000000000000000e+00,0.000000000000000000e+00,0.000000000000000000e+00,0.000000000000000000e+00,2.000000000000000000e+00
0.000000000000000000e+00,0.000000000000000000e+00,3.392857142857142461e-01,8.888888888888889506e-01,1.111810296001272588e-04,1.286985807072407902e-02,0.000000000000000000e+00,0.000000000000000000e+00,1.099560175929627931e-03,4.653130287648053059e-03,0.000000000000000000e+00,0.000000000000000000e+00,0.000000000000000000e+00,0.000000000000000000e+00,1.329239276362149105e-05,0.000000000000000000e+00,3.015253636041145336e-05,1.000000000000000000e+00,1.000000000000000000e+00,2.325581395348836830e-02,0.000000000000000000e+00,0.000000000000000000e+00,0.000000000000000000e+00,0.000000000000000000e+00,0.000000000000000000e+00,0.000000000000000000e+00,0.000000000000000000e+00,2.000000000000000000e+00
0.000000000000000000e+00,0.000000000000000000e+00,3.392857142857142461e-01,8.888888888888889506e-01,1.098140497279938608e-04,1.286985807072407902e-02,0.000000000000000000e+00,0.000000000000000000e+00,1.999200319872051611e-03,8.883248730964465878e-03,0.000000000000000000e+00,0.000000000000000000e+00,0.000000000000000000e+00,0.000000000000000000e+00,1.329239276362149105e-05,0.000000000000000000e+00,1.596310748492447054e-05,1.000000000000000000e+00,1.000000000000000000e+00,2.325581395348836830e-02,0.000000000000000000e+00,0.000000000000000000e+00,0.000000000000000000e+00,0.000000000000000000e+00,0.000000000000000000e+00,0.000000000000000000e+00,0.000000000000000000e+00,2.000000000000000000e+00
0.000000000000000000e+00,0.000000000000000000e+00,3.392857142857142461e-01,8.888888888888889506e-01,1.111810296001272588e-04,1.286985807072407902e-02,0.000000000000000000e+00,0.000000000000000000e+00,2.998800479808077200e-03,1.311336717428088043e-02,0.000000000000000000e+00,0.000000000000000000e+00,0.000000000000000000e+00,0.000000000000000000e+00,1.329239276362149105e-05,0.000000000000000000e+00,1.064207165661717597e-05,1.000000000000000000e+00,1.000000000000000000e+00,2.325581395348836830e-02,0.000000000000000000e+00,0.000000000000000000e+00,0.000000000000000000e+00,0.000000000000000000e+00,0.000000000000000000e+00,0.000000000000000000e+00,0.000000000000000000e+00,2.000000000000000000e+00
0.000000000000000000e+00,0.000000000000000000e+00,3.392857142857142461e-01,8.888888888888889506e-01,1.120923495148816874e-04,1.286985807072407902e-02,0.000000000000000000e+00,0.000000000000000000e+00,3.998400639744103223e-03,1.734348561759729151e-02,0.000000000000000000e+00,0.000000000000000000e+00,0.000000000000000000e+00,0.000000000000000000e+00,1.329239276362149105e-05,0.000000000000000000e+00,8.868393047179686558e-06,1.000000000000000000e+00,1.000000000000000000e+00,2.325581395348836830e-02,0.000000000000000000e+00,0.000000000000000000e+00,0.000000000000000000e+00,0.000000000000000000e+00,0.000000000000000000e+00,0.000000000000000000e+00,0.000000000000000000e+00,2.000000000000000000e+00
0.000000000000000000e+00,0.000000000000000000e+00,3.392857142857142461e-01,8.888888888888889506e-01,1.531017456788634609e-04,1.286985807072407902e-02,0.000000000000000000e+00,0.000000000000000000e+00,5.997600959616150281e-04,2.115059221658205542e-03,0.000000000000000000e+00,0.000000000000000000e+00,0.000000000000000000e+00,0.000000000000000000e+00,1.329239276362149105e-05,0.000000000000000000e+00,0.000000000000000000e+00,4.078431372549020106e-01,1.000000000000000000e+00,2.325581395348836830e-02,0.000000000000000000e+00,1.995609658750818995e-06,4.222972972972764668e-06,0.000000000000000000e+00,0.000000000000000000e+00,0.000000000000000000e+00,0.000000000000000000e+00,2.000000000000000000e+00
0.000000000000000000e+00,0.000000000000000000e+00,3.392857142857142461e-01,8.888888888888889506e-01,1.262178081935867355e-04,1.286985807072407902e-02,0.000000000000000000e+00,0.000000000000000000e+00,2.998800479808085440e-04,1.692047377326564650e-03,0.000000000000000000e+00,0.000000000000000000e+00,0.000000000000000000e+00,0.000000000000000000e+00,1.329239276362149105e-05,0.000000000000000000e+00,1.064207165661588408e-04,8.117647058823530548e-01,1.000000000000000000e+00,2.325581395348836830e-02,0.000000000000000000e+00,0.000000000000000000e+00,8.445945945945844432e-06,0.000000000000000000e+00,0.000000000000000000e+00,0.000000000000000000e+00,0.000000000000000000e+00,2.000000000000000000e+00
0.000000000000000000e+00,0.000000000000000000e+00,3.392857142857142461e-01,8.888888888888889506e-01,8.748671181649366954e-05,1.286985807072407902e-02,0.000000000000000000e+00,0.000000000000000000e+00,7.996801279488214469e-04,5.076142131979694168e-03,0.000000000000000000e+00,0.000000000000000000e+00,0.000000000000000000e+00,0.000000000000000000e+00,1.329239276362149105e-05,0.000000000000000000e+00,5.498403689251561385e-05,1.647058823529412019e-01,9.803921568627450567e-01,2.325581395348836830e-02,0.000000000000000000e+00,3.991219317501326282e-06,4.222972972972764668e-06,0.000000000000000000e+00,0.000000000000000000e+00,0.000000000000000000e+00,0.000000000000000000e+00,2.000000000000000000e+00
0.000000000000000000e+00,1.000000000000000021e-02,8.035714285714284921e-01,8.888888888888889506e-01,4.784429552464527369e-05,1.286985807072407902e-02,0.000000000000000000e+00,0.000000000000000000e+00,9.996001599360216587e-05,0.000000000000000000e+00,0.000000000000000000e+00,0.000000000000000000e+00,0.000000000000000000e+00,0.000000000000000000e+00,1.329239276362149105e-05,0.000000000000000000e+00,0.000000000000000000e+00,1.000000000000000000e+00,9.882352941176471006e-01,2.302325581395348389e-02,1.000000000000000194e-02,0.000000000000000000e+00,0.000000000000000000e+00,0.000000000000000000e+00,0.000000000000000000e+00,0.000000000000000000e+00,0.000000000000000000e+00,2.000000000000000000e+00
0.000000000000000000e+00,0.000000000000000000e+00,3.392857142857142461e-01,8.888888888888889506e-01,9.386595121977906093e-05,1.286985807072407902e-02,0.000000000000000000e+00,0.000000000000000000e+00,6.997201119552171533e-04,2.538071065989847084e-03,0.000000000000000000e+00,0.000000000000000000e+00,0.000000000000000000e+00,0.000000000000000000e+00,1.329239276362149105e-05,0.000000000000000000e+00,0.000000000000000000e+00,1.000000000000000000e+00,1.000000000000000000e+00,2.325581395348836830e-02,0.000000000000000000e+00,0.000000000000000000e+00,0.000000000000000000e+00,0.000000000000000000e+00,0.000000000000000000e+00,0.000000000000000000e+00,0.000000000000000000e+00,2.000000000000000000e+00
0.000000000000000000e+00,1.000000000000000021e-02,8.035714285714284921e-01,8.888888888888889506e-01,4.784429552464527369e-05,1.286985807072407902e-02,0.000000000000000000e+00,0.000000000000000000e+00,9.996001599360216587e-05,0.000000000000000000e+00,0.000000000000000000e+00,0.000000000000000000e+00,0.000000000000000000e+00,0.000000000000000000e+00,1.329239276362149105e-05,0.000000000000000000e+00,0.000000000000000000e+00,1.000000000000000000e+00,9.882352941176471006e-01,2.302325581395348389e-02,1.000000000000000194e-02,1.995609658750818995e-06,0.000000000000000000e+00,0.000000000000000000e+00,0.000000000000000000e+00,0.000000000000000000e+00,0.000000000000000000e+00,-4.000000000000000000e+00
0.000000000000000000e+00,0.000000000000000000e+00,3.392857142857142461e-01,8.888888888888889506e-01,1.052574501542181940e-04,1.286985807072407902e-02,0.000000000000000000e+00,0.000000000000000000e+00,5.997600959616150281e-04,2.115059221658205542e-03,0.000000000000000000e+00,0.000000000000000000e+00,0.000000000000000000e+00,0.000000000000000000e+00,1.329239276362149105e-05,0.000000000000000000e+00,0.000000000000000000e+00,1.411764705882353199e-01,1.000000000000000000e+00,2.325581395348836830e-02,0.000000000000000000e+00,5.986828976252144853e-06,8.445945945945844432e-06,0.000000000000000000e+00,0.000000000000000000e+00,0.000000000000000000e+00,0.000000000000000000e+00,2.000000000000000000e+00
0.000000000000000000e+00,0.000000000000000000e+00,3.392857142857142461e-01,8.888888888888889506e-01,1.339640274690055385e-04,1.286985807072407902e-02,0.000000000000000000e+00,0.000000000000000000e+00,4.998000799680129029e-04,1.692047377326564650e-03,0.000000000000000000e+00,0.000000000000000000e+00,0.000000000000000000e+00,0.000000000000000000e+00,1.329239276362149105e-05,0.000000000000000000e+00,0.000000000000000000e+00,2.000000000000000111e-01,1.000000000000000000e+00,2.325581395348836830e-02,0.000000000000000000e+00,3.991219317501326282e-06,4.222972972972764668e-06,0.000000000000000000e+00,1.267427122940427322e-05,0.000000000000000000e+00,0.000000000000000000e+00,2.000000000000000000e+00
0.000000000000000000e+00,0.000000000000000000e+00,3.392857142857142461e-01,8.888888888888889506e-01,1.353310073411380691e-04,1.286985807072407902e-02,0.000000000000000000e+00,0.000000000000000000e+00,1.499400239904038600e-03,5.922165820642977252e-03,0.000000000000000000e+00,0.000000000000000000e+00,0.000000000000000000e+00,0.000000000000000000e+00,1.329239276362149105e-05,0.000000000000000000e+00,0.000000000000000000e+00,2.392156862745098422e-01,1.000000000000000000e+00,2.325581395348836830e-02,0.000000000000000000e+00,3.991219317501326282e-06,4.222972972972764668e-06,0.000000000000000000e+00,1.267427122940427322e-05,0.000000000000000000e+00,0.000000000000000000e+00,2.000000000000000000e+00
0.000000000000000000e+00,0.000000000000000000e+00,3.392857142857142461e-01,8.888888888888889506e-01,1.403432668722909434e-04,1.286985807072407902e-02,0.000000000000000000e+00,0.000000000000000000e+00,7.996801279488214469e-04,3.384094754653129301e-03,0.000000000000000000e+00,0.000000000000000000e+00,0.000000000000000000e+00,0.000000000000000000e+00,1.329239276362149105e-05,0.000000000000000000e+00,3.902092940759113992e-05,2.235294117647058654e-01,1.000000000000000000e+00,2.325581395348836830e-02,0.000000000000000000e+00,3.991219317501326282e-06,8.445945945945844432e-06,0.000000000000000000e+00,0.000000000000000000e+00,0.000000000000000000e+00,0.000000000000000000e+00,2.000000000000000000e+00
0.000000000000000000e+00,0.000000000000000000e+00,3.392857142857142461e-01,8.888888888888889506e-01,1.430772266165568449e-04,1.286985807072407902e-02,0.000000000000000000e+00,0.000000000000000000e+00,1.999200319872063917e-04,7.614213197969542553e-03,0.000000000000000000e+00,0.000000000000000000e+00,0.000000000000000000e+00,0.000000000000000000e+00,1.329239276362149105e-05,0.000000000000000000e+00,2.837885775097655078e-05,2.470588235294117474e-01,1.000000000000000000e+00,2.325581395348836830e-02,0.000000000000000000e+00,3.991219317501326282e-06,4.222972972972764668e-06,0.000000000000000000e+00,1.267427122940427322e-05,0.000000000000000000e+00,0.000000000000000000e+00,2.000000000000000000e+00
0.000000000000000000e+00,0.000000000000000000e+00,3.392857142857142461e-01,8.888888888888889506e-01,1.389762870001584128e-04,1.286985807072407902e-02,0.000000000000000000e+00,0.000000000000000000e+00,2.099160335865653520e-03,1.184433164128595450e-02,0.000000000000000000e+00,0.000000000000000000e+00,0.000000000000000000e+00,0.000000000000000000e+00,1.329239276362149105e-05,0.000000000000000000e+00,1.773678609435937312e-05,2.745098039215686514e-01,1.000000000000000000e+00,2.325581395348836830e-02,0.000000000000000000e+00,1.995609658750818995e-06,8.445945945945844432e-06,0.000000000000000000e+00,0.000000000000000000e+00,0.000000000000000000e+00,0.000000000000000000e+00,2.000000000000000000e+00
0.000000000000000000e+00,0.000000000000000000e+00,8.928571428571427937e-01,8.888888888888889506e-01,0.000000000000000000e+00,1.286985807072407902e-02,0.000000000000000000e+00,0.000000000000000000e+00,9.996001599360216587e-05,4.230118443316407289e-04,0.000000000000000000e+00,0.000000000000000000e+00,0.000000000000000000e+00,0.000000000000000000e+00,1.329239276362149105e-05,0.000000000000000000e+00,1.773678609435963332e-04,8.588235294117647634e-01,6.980392156862745834e-01,1.883720930232557836e-02,2.000000000000000389e-02,0.000000000000000000e+00,0.000000000000000000e+00,0.000000000000000000e+00,1.267427122940427322e-05,0.000000000000000000e+00,9.861932938859504895e-06,2.000000000000000000e+00
0.000000000000000000e+00,0.000000000000000000e+00,3.392857142857142461e-01,8.888888888888889506e-01,1.057131101115962960e-04,1.286985807072407902e-02,0.000000000000000000e+00,0.000000000000000000e+00,4.998000799680129029e-04,2.115059221658205542e-03,0.000000000000000000e+00,0.000000000000000000e+00,0.000000000000000000e+00,0.000000000000000000e+00,1.329239276362149105e-05,0.000000000000000000e+00,5.853139411138800753e-05,3.411764705882353033e-01,1.000000000000000000e+00,2.325581395348836830e-02,0.000000000000000000e+00,1.995609658750818995e-06,1.266891891891892335e-05,0.000000000000000000e+00,0.000000000000000000e+00,0.000000000000000000e+00,0.000000000000000000e+00,2.000000000000000000e+00
0.000000000000000000e+00,0.000000000000000000e+00,3.392857142857142461e-01,8.888888888888889506e-01,1.093583897706166397e-04,1.286985807072407902e-02,0.000000000000000000e+00,0.000000000000000000e+00,1.499400239904038600e-03,6.345177664974618360e-03,0.000000000000000000e+00,0.000000000000000000e+00,0.000000000000000000e+00,0.000000000000000000e+00,1.329239276362149105e-05,0.000000000000000000e+00,2.128414331323176680e-05,3.803921568627451344e-01,1.000000000000000000e+00,2.325581395348836830e-02,0.000000000000000000e+00,1.995609658750818995e-06,1.266891891891892335e-05,0.000000000000000000e+00,0.000000000000000000e+00,0.000000000000000000e+00,0.000000000000000000e+00,2.000000000000000000e+00
0.000000000000000000e+00,0.000000000000000000e+00,3.392857142857142461e-01,8.888888888888889506e-01,1.107253696427491703e-04,1.286985807072407902e-02,0.000000000000000000e+00,0.000000000000000000e+00,2.499000399840064189e-03,1.057529610829103031e-02,0.000000000000000000e+00,0.000000000000000000e+00,0.000000000000000000e+00,0.000000000000000000e+00,1.329239276362149105e-05,0.000000000000000000e+00,1.418942887548698282e-05,4.196078431372549100e-01,1.000000000000000000e+00,2.325581395348836830e-02,0.000000000000000000e+00,1.995609658750818995e-06,1.266891891891892335e-05,0.000000000000000000e+00,0.000000000000000000e+00,0.000000000000000000e+00,0.000000000000000000e+00,2.000000000000000000e+00
2.460629921259842312e-02,0.000000000000000000e+00,3.392857142857142461e-01,8.888888888888889506e-01,1.307744077673624159e-04,1.286985807072407902e-02,0.000000000000000000e+00,0.000000000000000000e+00,4.998000799680129029e-04,1.692047377326564650e-03,0.000000000000000000e+00,0.000000000000000000e+00,0.000000000000000000e+00,0.000000000000000000e+00,1.329239276362149105e-05,0.000000000000000000e+00,0.000000000000000000e+00,1.000000000000000000e+00,1.000000000000000000e+00,2.325581395348836830e-02,0.000000000000000000e+00,0.000000000000000000e+00,0.000000000000000000e+00,0.000000000000000000e+00,0.000000000000000000e+00,0.000000000000000000e+00,0.000000000000000000e+00,2.000000000000000000e+00
0.000000000000000000e+00,0.000000000000000000e+00,8.928571428571427937e-01,8.888888888888889506e-01,7.568511892041402105e-04,1.286985807072407902e-02,0.000000000000000000e+00,0.000000000000000000e+00,9.996001599360216587e-05,0.000000000000000000e+00,0.000000000000000000e+00,0.000000000000000000e+00,0.000000000000000000e+00,0.000000000000000000e+00,1.329239276362149105e-05,0.000000000000000000e+00,0.000000000000000000e+00,1.000000000000000000e+00,6.039215686274510553e-01,1.395348837209301959e-02,2.000000000000000389e-02,0.000000000000000000e+00,0.000000000000000000e+00,0.000000000000000000e+00,0.000000000000000000e+00,0.000000000000000000e+00,0.000000000000000000e+00,2.000000000000000000e+00
0.000000000000000000e+00,0.000000000000000000e+00,8.928571428571427937e-01,8.888888888888889506e-01,2.203571553877917578e-03,1.286985807072407902e-02,0.000000000000000000e+00,0.000000000000000000e+00,9.996001599360216587e-05,4.230118443316407289e-04,0.000000000000000000e+00,0.000000000000000000e+00,0.000000000000000000e+00,0.000000000000000000e+00,1.329239276362149105e-05,0.000000000000000000e+00,1.773678609435963332e-04,8.431372549019607865e-01,5.607843137254902022e-01,1.558139534883720700e-02,2.000000000000000389e-02,0.000000000000000000e+00,0.000000000000000000e+00,0.000000000000000000e+00,0.000000000000000000e+00,6.666666666666523499e-06,9.861932938859504895e-06,2.000000000000000000e+00
0.000000000000000000e+00,1.000000000000000021e-02,8.035714285714284921e-01,8.888888888888889506e-01,4.784429552464527369e-05,1.286985807072407902e-02,0.000000000000000000e+00,0.000000000000000000e+00,9.996001599360216587e-05,0.000000000000000000e+00,0.000000000000000000e+00,0.000000000000000000e+00,0.000000000000000000e+00,0.000000000000000000e+00,1.329239276362149105e-05,0.000000000000000000e+00,0.000000000000000000e+00,1.000000000000000000e+00,9.882352941176471006e-01,2.302325581395348389e-02,1.000000000000000194e-02,1.995609658750818995e-06,0.000000000000000000e+00,0.000000000000000000e+00,0.000000000000000000e+00,0.000000000000000000e+00,0.000000000000000000e+00,2.000000000000000000e+00
0.000000000000000000e+00,1.000000000000000021e-02,8.035714285714284921e-01,8.888888888888889506e-01,4.784429552464527369e-05,1.286985807072407902e-02,0.000000000000000000e+00,0.000000000000000000e+00,9.996001599360216587e-05,0.000000000000000000e+00,0.000000000000000000e+00,0.000000000000000000e+00,0.000000000000000000e+00,0.000000000000000000e+00,1.329239276362149105e-05,0.000000000000000000e+00,0.000000000000000000e+00,1.000000000000000000e+00,9.882352941176471006e-01,2.302325581395348389e-02,1.000000000000000194e-02,0.000000000000000000e+00,0.000000000000000000e+00,0.000000000000000000e+00,0.000000000000000000e+00,0.000000000000000000e+00,0.000000000000000000e+00,2.000000000000000000e+00
0.000000000000000000e+00,0.000000000000000000e+00,3.392857142857142461e-01,8.888888888888889506e-01,1.435328865739340660e-04,1.286985807072407902e-02,0.000000000000000000e+00,0.000000000000000000e+00,5.997600959616150281e-04,2.115059221658205542e-03,0.000000000000000000e+00,0.000000000000000000e+00,0.000000000000000000e+00,0.000000000000000000e+00,1.329239276362149105e-05,0.000000000000000000e+00,0.000000000000000000e+00,1.000000000000000000e+00,1.000000000000000000e+00,2.325581395348836830e-02,0.000000000000000000e+00,0.000000000000000000e+00,0.000000000000000000e+00,0.000000000000000000e+00,0.000000000000000000e+00,0.000000000000000000e+00,0.000000000000000000e+00,2.000000000000000000e+00
0.000000000000000000e+00,0.000000000000000000e+00,3.392857142857142461e-01,8.888888888888889506e-01,1.430772266165568449e-04,1.286985807072407902e-02,0.000000000000000000e+00,0.000000000000000000e+00,1.599360255897640725e-03,6.345177664974618360e-03,0.000000000000000000e+00,0.000000000000000000e+00,0.000000000000000000e+00,0.000000000000000000e+00,1.329239276362149105e-05,0.000000000000000000e+00,0.000000000000000000e+00,1.000000000000000000e+00,1.000000000000000000e+00,2.325581395348836830e-02,0.000000000000000000e+00,0.000000000000000000e+00,0.000000000000000000e+00,0.000000000000000000e+00,0.000000000000000000e+00,0.000000000000000000e+00,0.000000000000000000e+00,2.000000000000000000e+00
0.000000000000000000e+00,1.000000000000000021e-02,8.035714285714284921e-01,8.888888888888889506e-01,4.784429552464527369e-05,1.286985807072407902e-02,0.000000000000000000e+00,0.000000000000000000e+00,9.996001599360216587e-05,0.000000000000000000e+00,0.000000000000000000e+00,0.000000000000000000e+00,0.000000000000000000e+00,0.000000000000000000e+00,1.329239276362149105e-05,0.000000000000000000e+00,0.000000000000000000e+00,1.000000000000000000e+00,9.882352941176471006e-01,2.302325581395348389e-02,1.000000000000000194e-02,0.000000000000000000e+00,0.000000000000000000e+00,0.000000000000000000e+00,0.000000000000000000e+00,0.000000000000000000e+00,0.000000000000000000e+00,2.000000000000000000e+00
1.968503937007873555e-03,0.000000000000000000e+00,8.928571428571427937e-01,8.888888888888889506e-01,4.520146777185470553e-03,1.286985807072407902e-02,0.000000000000000000e+00,0.000000000000000000e+00,9.996001599360216587e-05,1.269035532994923108e-03,0.000000000000000000e+00,0.000000000000000000e+00,0.000000000000000000e+00,0.000000000000000000e+00,1.329239276362149105e-05,0.000000000000000000e+00,1.773678609435963332e-04,1.000000000000000000e+00,6.823529411764704955e-01,1.581395348837209142e-02,1.000000000000000194e-02,0.000000000000000000e+00,0.000000000000000000e+00,0.000000000000000000e+00,0.000000000000000000e+00,0.000000000000000000e+00,0.000000000000000000e+00,2.000000000000000000e+00
0.000000000000000000e+00,0.000000000000000000e+00,3.392857142857142461e-01,8.888888888888889506e-01,1.403432668722909434e-04,1.286985807072407902e-02,0.000000000000000000e+00,0.000000000000000000e+00,3.998400639744107234e-04,1.269035532994923108e-03,0.000000000000000000e+00,0.000000000000000000e+00,0.000000000000000000e+00,0.000000000000000000e+00,1.329239276362149105e-05,0.000000000000000000e+00,0.000000000000000000e+00,2.980392156862745057e-01,1.000000000000000000e+00,2.325581395348836830e-02,0.000000000000000000e+00,1.995609658750818995e-06,8.445945945945844432e-06,0.000000000000000000e+00,0.000000000000000000e+00,0.000000000000000000e+00,0.000000000000000000e+00,2.000000000000000000e+00
0.000000000000000000e+00,0.000000000000000000e+00,3.392857142857142461e-01,8.888888888888889506e-01,1.403432668722909434e-04,1.286985807072407902e-02,0.000000000000000000e+00,0.000000000000000000e+00,1.299480207916834350e-03,5.499153976311337011e-03,0.000000000000000000e+00,0.000000000000000000e+00,0.000000000000000000e+00,0.000000000000000000e+00,1.329239276362149105e-05,0.000000000000000000e+00,2.483150053210416049e-05,3.333333333333333703e-01,1.000000000000000000e+00,2.325581395348836830e-02,0.000000000000000000e+00,1.995609658750818995e-06,8.445945945945844432e-06,0.000000000000000000e+00,0.000000000000000000e+00,0.000000000000000000e+00,0.000000000000000000e+00,2.000000000000000000e+00
0.000000000000000000e+00,0.000000000000000000e+00,3.392857142857142461e-01,8.888888888888889506e-01,1.407989268296690319e-04,1.286985807072407902e-02,0.000000000000000000e+00,0.000000000000000000e+00,2.299080367852857770e-03,9.729272419627749829e-03,0.000000000000000000e+00,0.000000000000000000e+00,0.000000000000000000e+00,0.000000000000000000e+00,1.329239276362149105e-05,0.000000000000000000e+00,1.418942887548698282e-05,3.725490196078432015e-01,1.000000000000000000e+00,2.325581395348836830e-02,0.000000000000000000e+00,1.995609658750818995e-06,8.445945945945844432e-06,0.000000000000000000e+00,0.000000000000000000e+00,0.000000000000000000e+00,0.000000000000000000e+00,2.000000000000000000e+00
0.000000000000000000e+00,0.000000000000000000e+00,2.678571428571428492e-01,8.888888888888889506e-01,3.371883684594003446e-04,1.286985807072407902e-02,0.000000000000000000e+00,0.000000000000000000e+00,1.999200319872063917e-04,4.230118443316407289e-04,0.000000000000000000e+00,0.000000000000000000e+00,0.000000000000000000e+00,0.000000000000000000e+00,1.329239276362149105e-05,0.000000000000000000e+00,0.000000000000000000e+00,8.588235294117647634e-01,2.313725490196078538e-01,6.279069767441856562e-03,2.000000000000000389e-02,5.388146078627023880e-05,0.000000000000000000e+00,0.000000000000000000e+00,0.000000000000000000e+00,6.666666666666523499e-06,0.000000000000000000e+00,2.000000000000000000e+00
0.000000000000000000e+00,0.000000000000000000e+00,3.392857142857142461e-01,8.888888888888889506e-01,9.614425100666688755e-05,1.286985807072407902e-02,0.000000000000000000e+00,0.000000000000000000e+00,2.998800479808085440e-04,8.460236886632814578e-04,0.000000000000000000e+00,0.000000000000000000e+00,0.000000000000000000e+00,0.000000000000000000e+00,1.329239276362149105e-05,0.000000000000000000e+00,0.000000000000000000e+00,1.882352941176470562e-01,1.000000000000000000e+00,2.325581395348836830e-02,0.000000000000000000e+00,3.991219317501326282e-06,1.689189189189200057e-05,0.000000000000000000e+00,0.000000000000000000e+00,0.000000000000000000e+00,0.000000000000000000e+00,2.000000000000000000e+00
0.000000000000000000e+00,0.000000000000000000e+00,3.392857142857142461e-01,8.888888888888889506e-01,9.842255079355471416e-05,1.286985807072407902e-02,0.000000000000000000e+00,0.000000000000000000e+00,9.996001599360216587e-05,0.000000000000000000e+00,0.000000000000000000e+00,0.000000000000000000e+00,0.000000000000000000e+00,0.000000000000000000e+00,1.329239276362149105e-05,0.000000000000000000e+00,0.000000000000000000e+00,3.921568627450984501e-02,1.000000000000000000e+00,2.325581395348836830e-02,0.000000000000000000e+00,1.995609658750725228e-05,1.689189189189200057e-05,0.000000000000000000e+00,0.000000000000000000e+00,0.000000000000000000e+00,0.000000000000000000e+00,2.000000000000000000e+00
0.000000000000000000e+00,0.000000000000000000e+00,8.928571428571427937e-01,8.888888888888889506e-01,3.640723059446770971e-04,1.286985807072407902e-02,0.000000000000000000e+00,0.000000000000000000e+00,9.996001599360216587e-05,0.000000000000000000e+00,0.000000000000000000e+00,0.000000000000000000e+00,0.000000000000000000e+00,0.000000000000000000e+00,1.329239276362149105e-05,0.000000000000000000e+00,0.000000000000000000e+00,1.000000000000000000e+00,5.098039215686275272e-01,1.186046511627906856e-02,2.000000000000000389e-02,0.000000000000000000e+00,0.000000000000000000e+00,0.000000000000000000e+00,0.000000000000000000e+00,0.000000000000000000e+00,0.000000000000000000e+00,2.000000000000000000e+00
8.070866141732283006e-02,0.000000000000000000e+00,3.392857142857142461e-01,8.888888888888889506e-01,9.659991096404497600e-05,1.286985807072407902e-02,0.000000000000000000e+00,0.000000000000000000e+00,9.996001599360216587e-05,0.000000000000000000e+00,0.000000000000000000e+00,0.000000000000000000e+00,0.000000000000000000e+00,0.000000000000000000e+00,1.329239276362149105e-05,0.000000000000000000e+00,0.000000000000000000e+00,3.921568627450984501e-02,1.000000000000000000e+00,2.325581395348836830e-02,0.000000000000000000e+00,1.995609658750725228e-05,2.533783783783784670e-05,0.000000000000000000e+00,1.267427122940427322e-05,0.000000000000000000e+00,0.000000000000000000e+00,2.000000000000000000e+00
0.000000000000000000e+00,0.000000000000000000e+00,2.678571428571428492e-01,8.888888888888889506e-01,3.955128430037290420e-04,1.286985807072407902e-02,0.000000000000000000e+00,0.000000000000000000e+00,9.996001599360216587e-05,0.000000000000000000e+00,0.000000000000000000e+00,0.000000000000000000e+00,0.000000000000000000e+00,0.000000000000000000e+00,1.329239276362149105e-05,0.000000000000000000e+00,0.000000000000000000e+00,1.000000000000000000e+00,4.431372549019608198e-01,1.023255813953487942e-02,2.000000000000000389e-02,8.780682498503291700e-05,0.000000000000000000e+00,0.000000000000000000e+00,0.000000000000000000e+00,0.000000000000000000e+00,0.000000000000000000e+00,2.000000000000000000e+00
2.952755905511810549e-03,0.000000000000000000e+00,8.928571428571427937e-01,8.888888888888889506e-01,6.109033048561049971e-03,1.286985807072407902e-02,0.000000000000000000e+00,0.000000000000000000e+00,9.996001599360216587e-05,4.230118443316407289e-04,0.000000000000000000e+00,0.000000000000000000e+00,0.000000000000000000e+00,0.000000000000000000e+00,1.329239276362149105e-05,0.000000000000000000e+00,1.773678609435963332e-04,9.137254901960784048e-01,7.333333333333333925e-01,1.697674418604650654e-02,2.000000000000000389e-02,0.000000000000000000e+00,4.222972972972764668e-06,0.000000000000000000e+00,0.000000000000000000e+00,0.000000000000000000e+00,0.000000000000000000e+00,2.000000000000000000e+00
0.000000000000000000e+00,0.000000000000000000e+00,2.678571428571428492e-01,8.888888888888889506e-01,6.269881013515335921e-04,1.286985807072407902e-02,0.000000000000000000e+00,0.000000000000000000e+00,1.999200319872063917e-04,8.460236886632814578e-04,0.000000000000000000e+00,0.000000000000000000e+00,0.000000000000000000e+00,0.000000000000000000e+00,1.329239276362149105e-05,0.000000000000000000e+00,1.188364668322109075e-04,1.000000000000000000e+00,4.392156862745097978e-01,1.023255813953487942e-02,2.000000000000000389e-02,8.780682498503291700e-05,0.000000000000000000e+00,0.000000000000000000e+00,0.000000000000000000e+00,0.000000000000000000e+00,0.000000000000000000e+00,2.000000000000000000e+00
0.000000000000000000e+00,0.000000000000000000e+00,3.392857142857142461e-01,8.888888888888889506e-01,1.439885465313121545e-04,1.286985807072407902e-02,0.000000000000000000e+00,0.000000000000000000e+00,3.998400639744107234e-04,1.269035532994923108e-03,0.000000000000000000e+00,0.000000000000000000e+00,0.000000000000000000e+00,0.000000000000000000e+00,1.329239276362149105e-05,0.000000000000000000e+00,0.000000000000000000e+00,1.000000000000000000e+00,1.000000000000000000e+00,2.325581395348836830e-02,0.000000000000000000e+00,0.000000000000000000e+00,0.000000000000000000e+00,0.000000000000000000e+00,0.000000000000000000e+00,0.000000000000000000e+00,0.000000000000000000e+00,2.000000000000000000e+00
0.000000000000000000e+00,0.000000000000000000e+00,2.678571428571428492e-01,8.888888888888889506e-01,2.688393748527672538e-05,1.286985807072407902e-02,0.000000000000000000e+00,0.000000000000000000e+00,1.499400239904038600e-03,6.345177664974618360e-03,0.000000000000000000e+00,0.000000000000000000e+00,0.000000000000000000e+00,0.000000000000000000e+00,1.329239276362149105e-05,0.000000000000000000e+00,2.128414331323176680e-05,1.000000000000000000e+00,4.823529411764706509e-01,1.116279069767441533e-02,2.000000000000000389e-02,9.578926362003587619e-05,0.000000000000000000e+00,0.000000000000000000e+00,0.000000000000000000e+00,0.000000000000000000e+00,0.000000000000000000e+00,2.000000000000000000e+00
0.000000000000000000e+00,0.000000000000000000e+00,3.392857142857142461e-01,8.888888888888889506e-01,1.435328865739340660e-04,1.286985807072407902e-02,0.000000000000000000e+00,0.000000000000000000e+00,1.399440223910436475e-03,5.499153976311337011e-03,0.000000000000000000e+00,0.000000000000000000e+00,0.000000000000000000e+00,0.000000000000000000e+00,1.329239276362149105e-05,0.000000000000000000e+00,0.000000000000000000e+00,1.000000000000000000e+00,1.000000000000000000e+00,2.325581395348836830e-02,0.000000000000000000e+00,0.000000000000000000e+00,0.000000000000000000e+00,0.000000000000000000e+00,0.000000000000000000e+00,0.000000000000000000e+00,0.000000000000000000e+00,2.000000000000000000e+00
0.000000000000000000e+00,0.000000000000000000e+00,3.392857142857142461e-01,8.888888888888889506e-01,1.531017456788634609e-04,1.286985807072407902e-02,0.000000000000000000e+00,0.000000000000000000e+00,7.996801279488214469e-04,8.883248730964465878e-03,0.000000000000000000e+00,0.000000000000000000e+00,0.000000000000000000e+00,0.000000000000000000e+00,1.329239276362149105e-05,0.000000000000000000e+00,1.596310748492447054e-05,4.823529411764706509e-01,1.000000000000000000e+00,2.325581395348836830e-02,0.000000000000000000e+00,1.995609658750818995e-06,8.445945945945844432e-06,0.000000000000000000e+00,0.000000000000000000e+00,0.000000000000000000e+00,0.000000000000000000e+00,2.000000000000000000e+00
0.000000000000000000e+00,0.000000000000000000e+00,2.678571428571428492e-01,8.888888888888889506e-01,1.321413876394975554e-05,1.286985807072407902e-02,0.000000000000000000e+00,0.000000000000000000e+00,1.999200319872063917e-04,4.230118443316407289e-04,0.000000000000000000e+00,0.000000000000000000e+00,0.000000000000000000e+00,0.000000000000000000e+00,1.329239276362149105e-05,0.000000000000000000e+00,0.000000000000000000e+00,8.941176470588236835e-01,7.843137254901966227e-02,2.093023255813956235e-03,2.000000000000000389e-02,1.796048692875674627e-05,0.000000000000000000e+00,0.000000000000000000e+00,0.000000000000000000e+00,0.000000000000000000e+00,0.000000000000000000e+00,2.000000000000000000e+00
0.000000000000000000e+00,0.000000000000000000e+00,3.392857142857142461e-01,8.888888888888889506e-01,1.294074278952298852e-04,1.286985807072407902e-02,0.000000000000000000e+00,0.000000000000000000e+00,6.997201119552171533e-04,2.961082910321488626e-03,0.000000000000000000e+00,0.000000000000000000e+00,0.000000000000000000e+00,0.000000000000000000e+00,1.329239276362149105e-05,0.000000000000000000e+00,4.434196523590102132e-05,1.450980392156862586e-01,1.000000000000000000e+00,2.325581395348836830e-02,0.000000000000000000e+00,5.986828976252144853e-06,1.266891891891892335e-05,0.000000000000000000e+00,0.000000000000000000e+00,0.000000000000000000e+00,0.000000000000000000e+00,2.000000000000000000e+00
0.000000000000000000e+00,0.000000000000000000e+00,3.392857142857142461e-01,8.888888888888889506e-01,1.043461302394637654e-04,1.286985807072407902e-02,0.000000000000000000e+00,0.000000000000000000e+00,4.998000799680129029e-04,1.692047377326564650e-03,0.000000000000000000e+00,0.000000000000000000e+00,0.000000000000000000e+00,0.000000000000000000e+00,1.329239276362149105e-05,0.000000000000000000e+00,0.000000000000000000e+00,1.058823529411765108e-01,1.000000000000000000e+00,2.325581395348836830e-02,0.000000000000000000e+00,7.982438635002652564e-06,4.222972972972764668e-06,6.666666666666310046e-06,0.000000000000000000e+00,0.000000000000000000e+00,0.000000000000000000e+00,2.000000000000000000e+00
0.000000000000000000e+00,0.000000000000000000e+00,8.928571428571427937e-01,8.888888888888889506e-01,0.000000000000000000e+00,1.286985807072407902e-02,0.000000000000000000e+00,0.000000000000000000e+00,9.996001599360216587e-05,0.000000000000000000e+00,0.000000000000000000e+00,0.000000000000000000e+00,0.000000000000000000e+00,0.000000000000000000e+00,1.329239276362149105e-05,0.000000000000000000e+00,0.000000000000000000e+00,1.000000000000000000e+00,7.607843137254901578e-01,1.767441860465115977e-02,2.000000000000000389e-02,0.000000000000000000e+00,0.000000000000000000e+00,0.000000000000000000e+00,0.000000000000000000e+00,6.666666666666523499e-06,1.972386587771430706e-05,2.000000000000000000e+00
0.000000000000000000e+00,0.000000000000000000e+00,3.392857142857142461e-01,8.888888888888889506e-01,1.448998664460665966e-04,1.286985807072407902e-02,0.000000000000000000e+00,0.000000000000000000e+00,6.997201119552171533e-04,2.538071065989847084e-03,0.000000000000000000e+00,0.000000000000000000e+00,0.000000000000000000e+00,0.000000000000000000e+00,1.329239276362149105e-05,0.000000000000000000e+00,0.000000000000000000e+00,1.000000000000000000e+00,1.000000000000000000e+00,2.325581395348836830e-02,0.000000000000000000e+00,0.000000000000000000e+00,0.000000000000000000e+00,0.000000000000000000e+00,0.000000000000000000e+00,0.000000000000000000e+00,0.000000000000000000e+00,2.000000000000000000e+00
0.000000000000000000e+00,0.000000000000000000e+00,3.392857142857142461e-01,8.888888888888889506e-01,1.444442064886893755e-04,1.286985807072407902e-02,0.000000000000000000e+00,0.000000000000000000e+00,1.599360255897640725e-03,6.345177664974618360e-03,0.000000000000000000e+00,0.000000000000000000e+00,0.000000000000000000e+00,0.000000000000000000e+00,1.329239276362149105e-05,0.000000000000000000e+00,0.000000000000000000e+00,1.000000000000000000e+00,1.000000000000000000e+00,2.325581395348836830e-02,0.000000000000000000e+00,0.000000000000000000e+00,0.000000000000000000e+00,0.000000000000000000e+00,0.000000000000000000e+00,0.000000000000000000e+00,0.000000000000000000e+00,2.000000000000000000e+00
0.000000000000000000e+00,0.000000000000000000e+00,3.392857142857142461e-01,8.888888888888889506e-01,1.531017456788634609e-04,1.286985807072407902e-02,0.000000000000000000e+00,0.000000000000000000e+00,8.996401439424235721e-04,3.384094754653129301e-03,0.000000000000000000e+00,0.000000000000000000e+00,0.000000000000000000e+00,0.000000000000000000e+00,1.329239276362149105e-05,0.000000000000000000e+00,0.000000000000000000e+00,5.215686274509804266e-01,1.000000000000000000e+00,2.325581395348836830e-02,0.000000000000000000e+00,1.995609658750818995e-06,8.445945945945844432e-06,0.000000000000000000e+00,0.000000000000000000e+00,0.000000000000000000e+00,0.000000000000000000e+00,2.000000000000000000e+00
0.000000000000000000e+00,0.000000000000000000e+00,3.392857142857142461e-01,8.888888888888889506e-01,1.339640274690055385e-04,1.286985807072407902e-02,0.000000000000000000e+00,0.000000000000000000e+00,9.996001599360216587e-05,8.460236886632814578e-04,0.000000000000000000e+00,0.000000000000000000e+00,0.000000000000000000e+00,0.000000000000000000e+00,1.329239276362149105e-05,0.000000000000000000e+00,1.188364668322109075e-04,1.058823529411765108e-01,1.000000000000000000e+00,2.325581395348836830e-02,0.000000000000000000e+00,7.982438635002652564e-06,4.222972972972764668e-06,0.000000000000000000e+00,0.000000000000000000e+00,0.000000000000000000e+00,0.000000000000000000e+00,2.000000000000000000e+00
0.000000000000000000e+00,0.000000000000000000e+00,3.392857142857142461e-01,8.888888888888889506e-01,1.389762870001584128e-04,1.286985807072407902e-02,0.000000000000000000e+00,0.000000000000000000e+00,1.999200319872063917e-04,2.115059221658205542e-03,0.000000000000000000e+00,0.000000000000000000e+00,0.000000000000000000e+00,0.000000000000000000e+00,1.329239276362149105e-05,0.000000000000000000e+00,8.868393047179945411e-05,1.000000000000000000e+00,1.000000000000000000e+00,2.325581395348836830e-02,0.000000000000000000e+00,0.000000000000000000e+00,0.000000000000000000e+00,0.000000000000000000e+00,0.000000000000000000e+00,0.000000000000000000e+00,0.000000000000000000e+00,2.000000000000000000e+00
0.000000000000000000e+00,0.000000000000000000e+00,3.392857142857142461e-01,8.888888888888889506e-01,1.284961079804745757e-04,1.286985807072407902e-02,0.000000000000000000e+00,0.000000000000000000e+00,6.997201119552171533e-04,5.922165820642977252e-03,0.000000000000000000e+00,0.000000000000000000e+00,0.000000000000000000e+00,0.000000000000000000e+00,1.329239276362149105e-05,0.000000000000000000e+00,4.788932245477082648e-05,1.215686274509803905e-01,1.000000000000000000e+00,2.325581395348836830e-02,0.000000000000000000e+00,5.986828976252144853e-06,4.222972972972764668e-06,4.999999999999810674e-06,0.000000000000000000e+00,0.000000000000000000e+00,0.000000000000000000e+00,2.000000000000000000e+00
0.000000000000000000e+00,1.000000000000000021e-02,8.035714285714284921e-01,8.888888888888889506e-01,4.784429552464527369e-05,1.286985807072407902e-02,0.000000000000000000e+00,0.000000000000000000e+00,9.996001599360216587e-05,0.000000000000000000e+00,0.000000000000000000e+00,0.000000000000000000e+00,0.000000000000000000e+00,0.000000000000000000e+00,1.329239276362149105e-05,0.000000000000000000e+00,0.000000000000000000e+00,1.000000000000000000e+00,9.882352941176471006e-01,2.302325581395348389e-02,1.000000000000000194e-02,1.995609658750818995e-06,0.000000000000000000e+00,0.000000000000000000e+00,0.000000000000000000e+00,0.000000000000000000e+00,0.000000000000000000e+00,2.000000000000000000e+00
9.842519685039367774e-04,0.000000000000000000e+00,8.928571428571427937e-01,8.888888888888889506e-01,9.773906085748828351e-04,1.286985807072407902e-02,0.000000000000000000e+00,0.000000000000000000e+00,9.996001599360216587e-05,4.230118443316407289e-04,0.000000000000000000e+00,0.000000000000000000e+00,0.000000000000000000e+00,0.000000000000000000e+00,1.329239276362149105e-05,0.000000000000000000e+00,1.773678609435963332e-04,9.411764705882353921e-01,5.843137254901961120e-01,1.441860465116278842e-02,2.000000000000000389e-02,0.000000000000000000e+00,0.000000000000000000e+00,0.000000000000000000e+00,0.000000000000000000e+00,6.666666666666523499e-06,9.861932938859504895e-06,2.000000000000000000e+00
0.000000000000000000e+00,0.000000000000000000e+00,3.392857142857142461e-01,8.888888888888889506e-01,1.444442064886893755e-04,1.286985807072407902e-02,0.000000000000000000e+00,0.000000000000000000e+00,1.999200319872063917e-04,4.230118443316407289e-04,0.000000000000000000e+00,0.000000000000000000e+00,0.000000000000000000e+00,0.000000000000000000e+00,1.329239276362149105e-05,0.000000000000000000e+00,0.000000000000000000e+00,1.000000000000000000e+00,1.000000000000000000e+00,2.325581395348836830e-02,0.000000000000000000e+00,0.000000000000000000e+00,0.000000000000000000e+00,0.000000000000000000e+00,0.000000000000000000e+00,0.000000000000000000e+00,0.000000000000000000e+00,2.000000000000000000e+00
6.889763779527558960e-03,0.000000000000000000e+00,8.928571428571427937e-01,8.888888888888889506e-01,3.590600464135237620e-04,1.286985807072407902e-02,0.000000000000000000e+00,0.000000000000000000e+00,9.996001599360216587e-05,0.000000000000000000e+00,0.000000000000000000e+00,0.000000000000000000e+00,0.000000000000000000e+00,0.000000000000000000e+00,1.329239276362149105e-05,0.000000000000000000e+00,0.000000000000000000e+00,9.490196078431373250e-01,5.921568627450980449e-01,1.441860465116278842e-02,2.000000000000000389e-02,0.000000000000000000e+00,0.000000000000000000e+00,0.000000000000000000e+00,0.000000000000000000e+00,6.666666666666523499e-06,9.861932938859504895e-06,2.000000000000000000e+00
0.000000000000000000e+00,0.000000000000000000e+00,3.392857142857142461e-01,8.888888888888889506e-01,1.448998664460665966e-04,1.286985807072407902e-02,0.000000000000000000e+00,0.000000000000000000e+00,6.997201119552171533e-04,2.538071065989847084e-03,0.000000000000000000e+00,0.000000000000000000e+00,0.000000000000000000e+00,0.000000000000000000e+00,1.329239276362149105e-05,0.000000000000000000e+00,0.000000000000000000e+00,1.000000000000000000e+00,1.000000000000000000e+00,2.325581395348836830e-02,0.000000000000000000e+00,0.000000000000000000e+00,0.000000000000000000e+00,0.000000000000000000e+00,0.000000000000000000e+00,0.000000000000000000e+00,0.000000000000000000e+00,2.000000000000000000e+00
0.000000000000000000e+00,0.000000000000000000e+00,3.392857142857142461e-01,8.888888888888889506e-01,1.444442064886893755e-04,1.286985807072407902e-02,0.000000000000000000e+00,0.000000000000000000e+00,1.599360255897640725e-03,6.768189509306259469e-03,0.000000000000000000e+00,0.000000000000000000e+00,0.000000000000000000e+00,0.000000000000000000e+00,1.329239276362149105e-05,0.000000000000000000e+00,2.128414331323176680e-05,1.000000000000000000e+00,1.000000000000000000e+00,2.325581395348836830e-02,0.000000000000000000e+00,0.000000000000000000e+00,0.000000000000000000e+00,0.000000000000000000e+00,0.000000000000000000e+00,0.000000000000000000e+00,0.000000000000000000e+00,2.000000000000000000e+00
0.000000000000000000e+00,0.000000000000000000e+00,3.392857142857142461e-01,8.888888888888889506e-01,1.462668463181999946e-04,1.286985807072407902e-02,0.000000000000000000e+00,0.000000000000000000e+00,2.598960415833666531e-03,1.099830795262267402e-02,0.000000000000000000e+00,0.000000000000000000e+00,0.000000000000000000e+00,0.000000000000000000e+00,1.329239276362149105e-05,0.000000000000000000e+00,1.241575026605208024e-05,1.000000000000000000e+00,1.000000000000000000e+00,2.325581395348836830e-02,0.000000000000000000e+00,0.000000000000000000e+00,0.000000000000000000e+00,0.000000000000000000e+00,0.000000000000000000e+00,0.000000000000000000e+00,0.000000000000000000e+00,2.000000000000000000e+00
8.858267716535432948e-03,0.000000000000000000e+00,8.928571428571427937e-01,8.888888888888889506e-01,9.628094899388009182e-04,1.286985807072407902e-02,0.000000000000000000e+00,0.000000000000000000e+00,9.996001599360216587e-05,0.000000000000000000e+00,0.000000000000000000e+00,0.000000000000000000e+00,0.000000000000000000e+00,0.000000000000000000e+00,1.329239276362149105e-05,0.000000000000000000e+00,0.000000000000000000e+00,1.000000000000000000e+00,6.039215686274510553e-01,1.395348837209301959e-02,2.000000000000000389e-02,0.000000000000000000e+00,0.000000000000000000e+00,0.000000000000000000e+00,0.000000000000000000e+00,0.000000000000000000e+00,0.000000000000000000e+00,2.000000000000000000e+00
0.000000000000000000e+00,0.000000000000000000e+00,3.392857142857142461e-01,8.888888888888889506e-01,1.353310073411380691e-04,1.286985807072407902e-02,0.000000000000000000e+00,0.000000000000000000e+00,4.998000799680129029e-04,1.692047377326564650e-03,0.000000000000000000e+00,0.000000000000000000e+00,0.000000000000000000e+00,0.000000000000000000e+00,1.329239276362149105e-05,0.000000000000000000e+00,0.000000000000000000e+00,3.725490196078432015e-01,1.000000000000000000e+00,2.325581395348836830e-02,0.000000000000000000e+00,1.995609658750818995e-06,4.222972972972764668e-06,0.000000000000000000e+00,1.267427122940427322e-05,0.000000000000000000e+00,0.000000000000000000e+00,2.000000000000000000e+00
0.000000000000000000e+00,0.000000000000000000e+00,3.392857142857142461e-01,8.888888888888889506e-01,1.048017901968409865e-04,1.286985807072407902e-02,0.000000000000000000e+00,0.000000000000000000e+00,4.998000799680129029e-04,5.499153976311337011e-03,0.000000000000000000e+00,0.000000000000000000e+00,0.000000000000000000e+00,0.000000000000000000e+00,1.329239276362149105e-05,0.000000000000000000e+00,2.483150053210416049e-05,2.196078431372549267e-01,1.000000000000000000e+00,2.325581395348836830e-02,0.000000000000000000e+00,3.991219317501326282e-06,1.689189189189200057e-05,0.000000000000000000e+00,0.000000000000000000e+00,0.000000000000000000e+00,0.000000000000000000e+00,2.000000000000000000e+00
0.000000000000000000e+00,0.000000000000000000e+00,3.392857142857142461e-01,8.888888888888889506e-01,1.494564660198422499e-04,1.286985807072407902e-02,0.000000000000000000e+00,0.000000000000000000e+00,1.999200319872063917e-04,4.230118443316407289e-04,0.000000000000000000e+00,0.000000000000000000e+00,0.000000000000000000e+00,0.000000000000000000e+00,1.329239276362149105e-05,0.000000000000000000e+00,0.000000000000000000e+00,7.843137254901960675e-02,3.176470588235294490e-01,2.325581395348836830e-02,0.000000000000000000e+00,9.978048293753781996e-06,2.533783783783784670e-05,0.000000000000000000e+00,1.267427122940427322e-05,0.000000000000000000e+00,0.000000000000000000e+00,2.000000000000000000e+00
0.000000000000000000e+00,0.000000000000000000e+00,3.392857142857142461e-01,8.888888888888889506e-01,1.403432668722909434e-04,1.286985807072407902e-02,0.000000000000000000e+00,0.000000000000000000e+00,2.998800479808085440e-04,4.230118443316411951e-03,0.000000000000000000e+00,0.000000000000000000e+00,0.000000000000000000e+00,0.000000000000000000e+00,1.329239276362149105e-05,0.000000000000000000e+00,3.192621496984894108e-05,4.039215686274509332e-01,1.000000000000000000e+00,2.325581395348836830e-02,0.000000000000000000e+00,1.995609658750818995e-06,4.222972972972764668e-06,0.000000000000000000e+00,1.267427122940427322e-05,0.000000000000000000e+00,0.000000000000000000e+00,2.000000000000000000e+00
1.181102362204724220e-02,0.000000000000000000e+00,8.928571428571427937e-01,8.888888888888889506e-01,4.492807179742820591e-04,1.286985807072407902e-02,0.000000000000000000e+00,0.000000000000000000e+00,9.996001599360216587e-05,4.230118443316407289e-04,0.000000000000000000e+00,0.000000000000000000e+00,0.000000000000000000e+00,0.000000000000000000e+00,1.329239276362149105e-05,0.000000000000000000e+00,1.773678609435963332e-04,1.000000000000000000e+00,4.666666666666667296e-01,1.093023255813953092e-02,2.000000000000000389e-02,0.000000000000000000e+00,0.000000000000000000e+00,0.000000000000000000e+00,0.000000000000000000e+00,0.000000000000000000e+00,0.000000000000000000e+00,2.000000000000000000e+00
1.673228346456692717e-02,0.000000000000000000e+00,8.928571428571427937e-01,8.888888888888889506e-01,5.117061321350086737e-04,1.286985807072407902e-02,0.000000000000000000e+00,0.000000000000000000e+00,9.996001599360216587e-05,8.460236886632814578e-04,0.000000000000000000e+00,0.000000000000000000e+00,0.000000000000000000e+00,0.000000000000000000e+00,1.329239276362149105e-05,0.000000000000000000e+00,1.773678609435963332e-04,1.000000000000000000e+00,4.705882352941176405e-01,1.093023255813953092e-02,2.000000000000000389e-02,0.000000000000000000e+00,0.000000000000000000e+00,0.000000000000000000e+00,0.000000000000000000e+00,0.000000000000000000e+00,0.000000000000000000e+00,2.000000000000000000e+00
0.000000000000000000e+00,0.000000000000000000e+00,2.678571428571428492e-01,8.888888888888889506e-01,9.249897134764653030e-05,1.286985807072407902e-02,0.000000000000000000e+00,0.000000000000000000e+00,9.996001599360216587e-05,0.000000000000000000e+00,0.000000000000000000e+00,0.000000000000000000e+00,0.000000000000000000e+00,0.000000000000000000e+00,1.329239276362149105e-05,0.000000000000000000e+00,0.000000000000000000e+00,1.000000000000000000e+00,4.901960784313725283e-01,1.139534883720929800e-02,2.000000000000000389e-02,9.778487327878669731e-05,0.000000000000000000e+00,0.000000000000000000e+00,0.000000000000000000e+00,0.000000000000000000e+00,0.000000000000000000e+00,2.000000000000000000e+00
2.952755905511810549e-03,0.000000000000000000e+00,2.678571428571428492e-01,8.888888888888889506e-01,1.000000000000000000e+00,1.286985807072407902e-02,0.000000000000000000e+00,0.000000000000000000e+00,1.999200319872063917e-04,4.230118443316407289e-04,0.000000000000000000e+00,0.000000000000000000e+00,0.000000000000000000e+00,0.000000000000000000e+00,1.329239276362149105e-05,0.000000000000000000e+00,0.000000000000000000e+00,1.000000000000000000e+00,4.901960784313725283e-01,1.139534883720929800e-02,2.000000000000000389e-02,9.778487327878669731e-05,0.000000000000000000e+00,0.000000000000000000e+00,0.000000000000000000e+00,0.000000000000000000e+00,0.000000000000000000e+00,2.000000000000000000e+00
0.000000000000000000e+00,0.000000000000000000e+00,3.392857142857142461e-01,8.888888888888889506e-01,1.380649670854031032e-04,1.286985807072407902e-02,0.000000000000000000e+00,0.000000000000000000e+00,7.996801279488214469e-04,3.384094754653129301e-03,0.000000000000000000e+00,0.000000000000000000e+00,0.000000000000000000e+00,0.000000000000000000e+00,1.329239276362149105e-05,0.000000000000000000e+00,3.902092940759113992e-05,1.000000000000000000e+00,1.000000000000000000e+00,2.325581395348836830e-02,0.000000000000000000e+00,0.000000000000000000e+00,0.000000000000000000e+00,0.000000000000000000e+00,0.000000000000000000e+00,0.000000000000000000e+00,0.000000000000000000e+00,2.000000000000000000e+00
0.000000000000000000e+00,0.000000000000000000e+00,3.392857142857142461e-01,8.888888888888889506e-01,1.289517679378517968e-04,1.286985807072407902e-02,0.000000000000000000e+00,0.000000000000000000e+00,1.699320271891242851e-03,7.191201353637901444e-03,0.000000000000000000e+00,0.000000000000000000e+00,0.000000000000000000e+00,0.000000000000000000e+00,1.329239276362149105e-05,0.000000000000000000e+00,1.951046470379686423e-05,1.000000000000000000e+00,1.000000000000000000e+00,2.325581395348836830e-02,0.000000000000000000e+00,0.000000000000000000e+00,0.000000000000000000e+00,0.000000000000000000e+00,0.000000000000000000e+00,0.000000000000000000e+00,0.000000000000000000e+00,2.000000000000000000e+00
0.000000000000000000e+00,1.000000000000000021e-02,8.035714285714284921e-01,8.888888888888889506e-01,4.784429552464527369e-05,1.286985807072407902e-02,0.000000000000000000e+00,0.000000000000000000e+00,9.996001599360216587e-05,0.000000000000000000e+00,0.000000000000000000e+00,0.000000000000000000e+00,0.000000000000000000e+00,0.000000000000000000e+00,1.329239276362149105e-05,0.000000000000000000e+00,0.000000000000000000e+00,1.000000000000000000e+00,9.882352941176471006e-01,2.302325581395348389e-02,1.000000000000000194e-02,1.995609658750818995e-06,0.000000000000000000e+00,0.000000000000000000e+00,0.000000000000000000e+00,0.000000000000000000e+00,0.000000000000000000e+00,2.000000000000000000e+00
0.000000000000000000e+00,1.000000000000000021e-02,8.035714285714284921e-01,8.888888888888889506e-01,4.784429552464527369e-05,1.286985807072407902e-02,0.000000000000000000e+00,0.000000000000000000e+00,9.996001599360216587e-05,0.000000000000000000e+00,0.000000000000000000e+00,0.000000000000000000e+00,0.000000000000000000e+00,0.000000000000000000e+00,1.329239276362149105e-05,0.000000000000000000e+00,0.000000000000000000e+00,1.000000000000000000e+00,9.882352941176471006e-01,2.302325581395348389e-02,1.000000000000000194e-02,0.000000000000000000e+00,0.000000000000000000e+00,0.000000000000000000e+00,0.000000000000000000e+00,0.000000000000000000e+00,0.000000000000000000e+00,2.000000000000000000e+00
0.000000000000000000e+00,0.000000000000000000e+00,3.392857142857142461e-01,8.888888888888889506e-01,9.705557092142219709e-05,1.286985807072407902e-02,0.000000000000000000e+00,0.000000000000000000e+00,4.998000799680129029e-04,1.692047377326564650e-03,0.000000000000000000e+00,0.000000000000000000e+00,0.000000000000000000e+00,0.000000000000000000e+00,1.329239276362149105e-05,0.000000000000000000e+00,0.000000000000000000e+00,2.352941176470588203e-01,1.000000000000000000e+00,2.325581395348836830e-02,0.000000000000000000e+00,3.991219317501326282e-06,1.689189189189200057e-05,0.000000000000000000e+00,0.000000000000000000e+00,0.000000000000000000e+00,0.000000000000000000e+00,2.000000000000000000e+00
0.000000000000000000e+00,0.000000000000000000e+00,8.928571428571427937e-01,8.888888888888889506e-01,0.000000000000000000e+00,1.286985807072407902e-02,0.000000000000000000e+00,0.000000000000000000e+00,1.999200319872063917e-04,4.230118443316407289e-04,0.000000000000000000e+00,0.000000000000000000e+00,0.000000000000000000e+00,0.000000000000000000e+00,6.646196381810745523e-06,2.736726874657909774e-04,1.773678609435963332e-04,1.000000000000000000e+00,5.999999999999999778e-01,1.395348837209301959e-02,3.000000000000000236e-02,0.000000000000000000e+00,0.000000000000000000e+00,0.000000000000000000e+00,0.000000000000000000e+00,1.333333333333304700e-05,2.958579881656910754e-05,2.000000000000000000e+00
0.000000000000000000e+00,0.000000000000000000e+00,3.392857142857142461e-01,8.888888888888889506e-01,1.371536471706477937e-04,1.286985807072407902e-02,0.000000000000000000e+00,0.000000000000000000e+00,3.998400639744107234e-04,1.269035532994923108e-03,0.000000000000000000e+00,0.000000000000000000e+00,0.000000000000000000e+00,0.000000000000000000e+00,1.329239276362149105e-05,0.000000000000000000e+00,0.000000000000000000e+00,1.000000000000000000e+00,1.000000000000000000e+00,2.325581395348836830e-02,0.000000000000000000e+00,0.000000000000000000e+00,0.000000000000000000e+00,0.000000000000000000e+00,0.000000000000000000e+00,0.000000000000000000e+00,0.000000000000000000e+00,2.000000000000000000e+00
0.000000000000000000e+00,0.000000000000000000e+00,3.392857142857142461e-01,8.888888888888889506e-01,1.398876069149137223e-04,1.286985807072407902e-02,0.000000000000000000e+00,0.000000000000000000e+00,9.996001599360216587e-05,5.499153976311337011e-03,0.000000000000000000e+00,0.000000000000000000e+00,0.000000000000000000e+00,0.000000000000000000e+00,1.329239276362149105e-05,0.000000000000000000e+00,2.483150053210416049e-05,3.098039215686274606e-01,1.000000000000000000e+00,2.325581395348836830e-02,0.000000000000000000e+00,1.995609658750818995e-06,1.689189189189200057e-05,0.000000000000000000e+00,0.000000000000000000e+00,0.000000000000000000e+00,0.000000000000000000e+00,2.000000000000000000e+00
0.000000000000000000e+00,0.000000000000000000e+00,3.392857142857142461e-01,8.888888888888889506e-01,1.389762870001584128e-04,1.286985807072407902e-02,0.000000000000000000e+00,0.000000000000000000e+00,1.099560175929627931e-03,9.729272419627749829e-03,0.000000000000000000e+00,0.000000000000000000e+00,0.000000000000000000e+00,0.000000000000000000e+00,1.329239276362149105e-05,0.000000000000000000e+00,1.418942887548698282e-05,3.490196078431372362e-01,1.000000000000000000e+00,2.325581395348836830e-02,0.000000000000000000e+00,1.995609658750818995e-06,1.689189189189200057e-05,0.000000000000000000e+00,0.000000000000000000e+00,0.000000000000000000e+00,0.000000000000000000e+00,2.000000000000000000e+00
4.921259842519684971e-03,0.000000000000000000e+00,8.928571428571427937e-01,8.888888888888889506e-01,6.488597793056565758e-04,1.286985807072407902e-02,0.000000000000000000e+00,0.000000000000000000e+00,9.996001599360216587e-05,0.000000000000000000e+00,0.000000000000000000e+00,0.000000000000000000e+00,0.000000000000000000e+00,0.000000000000000000e+00,1.329239276362149105e-05,0.000000000000000000e+00,0.000000000000000000e+00,1.000000000000000000e+00,5.372549019607842924e-01,1.255813953488372006e-02,2.000000000000000389e-02,0.000000000000000000e+00,0.000000000000000000e+00,0.000000000000000000e+00,0.000000000000000000e+00,0.000000000000000000e+00,0.000000000000000000e+00,2.000000000000000000e+00
0.000000000000000000e+00,1.000000000000000021e-02,8.035714285714284921e-01,8.888888888888889506e-01,4.784429552464527369e-05,1.286985807072407902e-02,0.000000000000000000e+00,0.000000000000000000e+00,9.996001599360216587e-05,0.000000000000000000e+00,0.000000000000000000e+00,0.000000000000000000e+00,0.000000000000000000e+00,0.000000000000000000e+00,1.329239276362149105e-05,0.000000000000000000e+00,0.000000000000000000e+00,1.000000000000000000e+00,9.882352941176471006e-01,2.302325581395348389e-02,1.000000000000000194e-02,0.000000000000000000e+00,0.000000000000000000e+00,0.000000000000000000e+00,0.000000000000000000e+00,0.000000000000000000e+00,0.000000000000000000e+00,2.000000000000000000e+00
0.000000000000000000e+00,0.000000000000000000e+00,8.928571428571427937e-01,8.888888888888889506e-01,0.000000000000000000e+00,1.286985807072407902e-02,0.000000000000000000e+00,0.000000000000000000e+00,1.999200319872063917e-04,4.230118443316407289e-04,0.000000000000000000e+00,0.000000000000000000e+00,0.000000000000000000e+00,0.000000000000000000e+00,6.646196381810745523e-06,2.736726874657909774e-04,1.773678609435963332e-04,6.588235294117648078e-01,4.470588235294117307e-01,1.581395348837209142e-02,3.000000000000000236e-02,1.995609658750818995e-06,0.000000000000000000e+00,0.000000000000000000e+00,0.000000000000000000e+00,6.666666666666523499e-06,9.861932938859504895e-06,2.000000000000000000e+00
0.000000000000000000e+00,1.000000000000000021e-02,8.035714285714284921e-01,8.888888888888889506e-01,4.784429552464527369e-05,1.286985807072407902e-02,0.000000000000000000e+00,0.000000000000000000e+00,9.996001599360216587e-05,0.000000000000000000e+00,0.000000000000000000e+00,0.000000000000000000e+00,0.000000000000000000e+00,0.000000000000000000e+00,1.329239276362149105e-05,0.000000000000000000e+00,0.000000000000000000e+00,1.000000000000000000e+00,9.882352941176471006e-01,2.302325581395348389e-02,1.000000000000000194e-02,0.000000000000000000e+00,0.000000000000000000e+00,0.000000000000000000e+00,0.000000000000000000e+00,0.000000000000000000e+00,0.000000000000000000e+00,2.000000000000000000e+00
0.000000000000000000e+00,0.000000000000000000e+00,3.392857142857142461e-01,8.888888888888889506e-01,1.312300677247396098e-04,1.286985807072407902e-02,0.000000000000000000e+00,0.000000000000000000e+00,9.996001599360258057e-04,3.807106598984771276e-03,0.000000000000000000e+00,0.000000000000000000e+00,0.000000000000000000e+00,0.000000000000000000e+00,1.329239276362149105e-05,0.000000000000000000e+00,0.000000000000000000e+00,1.000000000000000000e+00,1.000000000000000000e+00,2.325581395348836830e-02,0.000000000000000000e+00,0.000000000000000000e+00,0.000000000000000000e+00,0.000000000000000000e+00,0.000000000000000000e+00,0.000000000000000000e+00,0.000000000000000000e+00,2.000000000000000000e+00
0.000000000000000000e+00,0.000000000000000000e+00,8.928571428571427937e-01,8.888888888888889506e-01,2.838761534462249823e-04,1.286985807072407902e-02,0.000000000000000000e+00,0.000000000000000000e+00,9.996001599360216587e-05,0.000000000000000000e+00,0.000000000000000000e+00,0.000000000000000000e+00,0.000000000000000000e+00,0.000000000000000000e+00,1.329239276362149105e-05,0.000000000000000000e+00,0.000000000000000000e+00,1.000000000000000000e+00,6.196078431372549211e-01,1.441860465116278842e-02,1.000000000000000194e-02,0.000000000000000000e+00,0.000000000000000000e+00,0.000000000000000000e+00,0.000000000000000000e+00,0.000000000000000000e+00,0.000000000000000000e+00,2.000000000000000000e+00
0.000000000000000000e+00,0.000000000000000000e+00,3.392857142857142461e-01,8.888888888888889506e-01,1.312300677247396098e-04,1.286985807072407902e-02,0.000000000000000000e+00,0.000000000000000000e+00,7.996801279488214469e-04,2.961082910321488626e-03,0.000000000000000000e+00,0.000000000000000000e+00,0.000000000000000000e+00,0.000000000000000000e+00,1.329239276362149105e-05,0.000000000000000000e+00,0.000000000000000000e+00,1.647058823529412019e-01,1.000000000000000000e+00,2.325581395348836830e-02,0.000000000000000000e+00,3.991219317501326282e-06,1.689189189189200057e-05,0.000000000000000000e+00,0.000000000000000000e+00,0.000000000000000000e+00,0.000000000000000000e+00,2.000000000000000000e+00
0.000000000000000000e+00,0.000000000000000000e+00,3.392857142857142461e-01,8.888888888888889506e-01,1.312300677247396098e-04,1.286985807072407902e-02,0.000000000000000000e+00,0.000000000000000000e+00,7.996801279488214469e-04,2.961082910321488626e-03,0.000000000000000000e+00,0.000000000000000000e+00,0.000000000000000000e+00,0.000000000000000000e+00,1.329239276362149105e-05,0.000000000000000000e+00,0.000000000000000000e+00,1.647058823529412019e-01,1.000000000000000000e+00,2.325581395348836830e-02,0.000000000000000000e+00,3.991219317501326282e-06,1.689189189189200057e-05,0.000000000000000000e+00,0.000000000000000000e+00,0.000000000000000000e+00,0.000000000000000000e+00,2.000000000000000000e+00
0.000000000000000000e+00,0.000000000000000000e+00,3.392857142857142461e-01,8.888888888888889506e-01,1.289517679378517968e-04,1.286985807072407902e-02,0.000000000000000000e+00,0.000000000000000000e+00,9.996001599360216587e-05,0.000000000000000000e+00,0.000000000000000000e+00,0.000000000000000000e+00,0.000000000000000000e+00,0.000000000000000000e+00,1.329239276362149105e-05,0.000000000000000000e+00,0.000000000000000000e+00,3.294117647058824039e-01,1.000000000000000000e+00,2.325581395348836830e-02,0.000000000000000000e+00,1.995609658750818995e-06,8.445945945945844432e-06,0.000000000000000000e+00,0.000000000000000000e+00,0.000000000000000000e+00,0.000000000000000000e+00,2.000000000000000000e+00
0.000000000000000000e+00,0.000000000000000000e+00,3.392857142857142461e-01,8.888888888888889506e-01,1.398876069149137223e-04,1.286985807072407902e-02,0.000000000000000000e+00,0.000000000000000000e+00,7.996801279488214469e-04,2.961082910321488626e-03,0.000000000000000000e+00,0.000000000000000000e+00,0.000000000000000000e+00,0.000000000000000000e+00,1.329239276362149105e-05,0.000000000000000000e+00,0.000000000000000000e+00,4.156862745098039991e-01,1.000000000000000000e+00,2.325581395348836830e-02,0.000000000000000000e+00,1.995609658750818995e-06,1.689189189189200057e-05,0.000000000000000000e+00,0.000000000000000000e+00,0.000000000000000000e+00,0.000000000000000000e+00,2.000000000000000000e+00
0.000000000000000000e+00,0.000000000000000000e+00,3.392857142857142461e-01,8.888888888888889506e-01,1.398876069149137223e-04,1.286985807072407902e-02,0.000000000000000000e+00,0.000000000000000000e+00,1.799280287884847144e-03,7.191201353637901444e-03,0.000000000000000000e+00,0.000000000000000000e+00,0.000000000000000000e+00,0.000000000000000000e+00,1.329239276362149105e-05,0.000000000000000000e+00,0.000000000000000000e+00,4.549019607843138302e-01,1.000000000000000000e+00,2.325581395348836830e-02,0.000000000000000000e+00,1.995609658750818995e-06,1.689189189189200057e-05,0.000000000000000000e+00,0.000000000000000000e+00,0.000000000000000000e+00,0.000000000000000000e+00,2.000000000000000000e+00
0.000000000000000000e+00,1.000000000000000021e-02,8.035714285714284921e-01,8.888888888888889506e-01,4.784429552464527369e-05,1.286985807072407902e-02,0.000000000000000000e+00,0.000000000000000000e+00,9.996001599360216587e-05,0.000000000000000000e+00,0.000000000000000000e+00,0.000000000000000000e+00,0.000000000000000000e+00,0.000000000000000000e+00,1.329239276362149105e-05,0.000000000000000000e+00,0.000000000000000000e+00,1.000000000000000000e+00,9.882352941176471006e-01,2.302325581395348389e-02,1.000000000000000194e-02,0.000000000000000000e+00,0.000000000000000000e+00,0.000000000000000000e+00,0.000000000000000000e+00,0.000000000000000000e+00,0.000000000000000000e+00,2.000000000000000000e+00
0.000000000000000000e+00,0.000000000000000000e+00,3.392857142857142461e-01,8.888888888888889506e-01,1.344196874263827596e-04,1.286985807072407902e-02,0.000000000000000000e+00,0.000000000000000000e+00,7.996801279488214469e-04,3.384094754653129301e-03,0.000000000000000000e+00,0.000000000000000000e+00,0.000000000000000000e+00,0.000000000000000000e+00,1.329239276362149105e-05,0.000000000000000000e+00,3.902092940759113992e-05,3.647058823529412130e-01,1.000000000000000000e+00,2.325581395348836830e-02,0.000000000000000000e+00,3.991219317501326282e-06,8.445945945945844432e-06,0.000000000000000000e+00,0.000000000000000000e+00,0.000000000000000000e+00,0.000000000000000000e+00,2.000000000000000000e+00
0.000000000000000000e+00,0.000000000000000000e+00,3.392857142857142461e-01,8.888888888888889506e-01,1.052574501542181940e-04,1.286985807072407902e-02,0.000000000000000000e+00,0.000000000000000000e+00,9.996001599360216587e-05,2.538071065989847084e-03,0.000000000000000000e+00,0.000000000000000000e+00,0.000000000000000000e+00,0.000000000000000000e+00,1.329239276362149105e-05,0.000000000000000000e+00,7.626818020574737387e-05,1.960784313725492251e-02,1.000000000000000000e+00,2.325581395348836830e-02,0.000000000000000000e+00,3.991219317501481628e-05,2.111486486486476778e-05,0.000000000000000000e+00,0.000000000000000000e+00,0.000000000000000000e+00,0.000000000000000000e+00,2.000000000000000000e+00
0.000000000000000000e+00,0.000000000000000000e+00,3.392857142857142461e-01,8.888888888888889506e-01,1.398876069149137223e-04,1.286985807072407902e-02,0.000000000000000000e+00,0.000000000000000000e+00,5.997600959616150281e-04,4.230118443316411951e-03,0.000000000000000000e+00,0.000000000000000000e+00,0.000000000000000000e+00,0.000000000000000000e+00,1.329239276362149105e-05,0.000000000000000000e+00,4.788932245477082648e-05,4.549019607843138302e-01,1.000000000000000000e+00,2.325581395348836830e-02,0.000000000000000000e+00,1.995609658750818995e-06,4.222972972972764668e-06,0.000000000000000000e+00,1.267427122940427322e-05,0.000000000000000000e+00,0.000000000000000000e+00,2.000000000000000000e+00
0.000000000000000000e+00,0.000000000000000000e+00,3.392857142857142461e-01,8.888888888888889506e-01,1.389762870001584128e-04,1.286985807072407902e-02,0.000000000000000000e+00,0.000000000000000000e+00,9.996001599360258057e-04,8.460236886632825637e-03,0.000000000000000000e+00,0.000000000000000000e+00,0.000000000000000000e+00,0.000000000000000000e+00,1.329239276362149105e-05,0.000000000000000000e+00,3.369989357928384704e-05,4.705882352941176405e-01,1.000000000000000000e+00,2.325581395348836830e-02,0.000000000000000000e+00,1.995609658750818995e-06,4.222972972972764668e-06,0.000000000000000000e+00,1.267427122940427322e-05,0.000000000000000000e+00,0.000000000000000000e+00,2.000000000000000000e+00
0.000000000000000000e+00,0.000000000000000000e+00,3.392857142857142461e-01,8.888888888888889506e-01,1.325970475968721405e-04,1.286985807072407902e-02,0.000000000000000000e+00,0.000000000000000000e+00,6.997201119552171533e-04,3.384094754653129301e-03,0.000000000000000000e+00,0.000000000000000000e+00,0.000000000000000000e+00,0.000000000000000000e+00,1.329239276362149105e-05,0.000000000000000000e+00,5.853139411138800753e-05,4.509803921568627527e-01,1.000000000000000000e+00,2.325581395348836830e-02,0.000000000000000000e+00,1.995609658750818995e-06,8.445945945945844432e-06,0.000000000000000000e+00,0.000000000000000000e+00,0.000000000000000000e+00,0.000000000000000000e+00,2.000000000000000000e+00
0.000000000000000000e+00,0.000000000000000000e+00,3.392857142857142461e-01,8.888888888888889506e-01,1.321413876394949194e-04,1.286985807072407902e-02,0.000000000000000000e+00,0.000000000000000000e+00,1.599360255897640725e-03,7.614213197969542553e-03,0.000000000000000000e+00,0.000000000000000000e+00,0.000000000000000000e+00,0.000000000000000000e+00,1.329239276362149105e-05,0.000000000000000000e+00,3.724725079815365220e-05,4.862745098039215619e-01,1.000000000000000000e+00,2.325581395348836830e-02,0.000000000000000000e+00,1.995609658750818995e-06,8.445945945945844432e-06,0.000000000000000000e+00,0.000000000000000000e+00,0.000000000000000000e+00,0.000000000000000000e+00,2.000000000000000000e+00
0.000000000000000000e+00,0.000000000000000000e+00,3.392857142857142461e-01,8.888888888888889506e-01,1.321413876394949194e-04,1.286985807072407902e-02,0.000000000000000000e+00,0.000000000000000000e+00,9.996001599360216587e-05,0.000000000000000000e+00,0.000000000000000000e+00,0.000000000000000000e+00,0.000000000000000000e+00,0.000000000000000000e+00,1.329239276362149105e-05,0.000000000000000000e+00,0.000000000000000000e+00,5.215686274509804266e-01,1.000000000000000000e+00,2.325581395348836830e-02,0.000000000000000000e+00,1.995609658750818995e-06,8.445945945945844432e-06,0.000000000000000000e+00,0.000000000000000000e+00,0.000000000000000000e+00,0.000000000000000000e+00,2.000000000000000000e+00
0.000000000000000000e+00,0.000000000000000000e+00,8.928571428571427937e-01,8.888888888888889506e-01,3.449345877348191747e-04,1.286985807072407902e-02,0.000000000000000000e+00,0.000000000000000000e+00,9.996001599360216587e-05,4.230118443316407289e-04,0.000000000000000000e+00,0.000000000000000000e+00,0.000000000000000000e+00,0.000000000000000000e+00,1.329239276362149105e-05,0.000000000000000000e+00,1.773678609435963332e-04,9.215686274509804488e-01,6.980392156862745834e-01,1.581395348837209142e-02,3.000000000000000236e-02,0.000000000000000000e+00,4.222972972972764668e-06,0.000000000000000000e+00,0.000000000000000000e+00,2.666666666666694103e-05,5.917159763313351235e-05,2.000000000000000000e+00
0.000000000000000000e+00,0.000000000000000000e+00,3.392857142857142461e-01,8.888888888888889506e-01,1.330527075542502289e-04,1.286985807072407902e-02,0.000000000000000000e+00,0.000000000000000000e+00,1.999200319872063917e-04,4.230118443316407289e-04,0.000000000000000000e+00,0.000000000000000000e+00,0.000000000000000000e+00,0.000000000000000000e+00,1.329239276362149105e-05,0.000000000000000000e+00,0.000000000000000000e+00,2.627450980392156965e-01,1.000000000000000000e+00,2.325581395348836830e-02,0.000000000000000000e+00,1.995609658750818995e-06,1.689189189189200057e-05,0.000000000000000000e+00,0.000000000000000000e+00,0.000000000000000000e+00,0.000000000000000000e+00,2.000000000000000000e+00
0.000000000000000000e+00,1.000000000000000021e-02,8.035714285714284921e-01,8.888888888888889506e-01,4.784429552464527369e-05,1.286985807072407902e-02,0.000000000000000000e+00,0.000000000000000000e+00,9.996001599360216587e-05,0.000000000000000000e+00,0.000000000000000000e+00,0.000000000000000000e+00,0.000000000000000000e+00,0.000000000000000000e+00,1.329239276362149105e-05,0.000000000000000000e+00,0.000000000000000000e+00,1.000000000000000000e+00,9.882352941176471006e-01,2.302325581395348389e-02,1.000000000000000194e-02,0.000000000000000000e+00,0.000000000000000000e+00,0.000000000000000000e+00,0.000000000000000000e+00,0.000000000000000000e+00,0.000000000000000000e+00,2.000000000000000000e+00
0.000000000000000000e+00,0.000000000000000000e+00,3.392857142857142461e-01,8.888888888888889506e-01,1.312300677247396098e-04,1.286985807072407902e-02,0.000000000000000000e+00,0.000000000000000000e+00,1.999200319872063917e-04,4.230118443316407289e-04,0.000000000000000000e+00,0.000000000000000000e+00,0.000000000000000000e+00,0.000000000000000000e+00,1.329239276362149105e-05,0.000000000000000000e+00,0.000000000000000000e+00,2.901960784313725172e-01,1.000000000000000000e+00,2.325581395348836830e-02,0.000000000000000000e+00,5.986828976252144853e-06,1.689189189189200057e-05,0.000000000000000000e+00,0.000000000000000000e+00,0.000000000000000000e+00,0.000000000000000000e+00,2.000000000000000000e+00
0.000000000000000000e+00,0.000000000000000000e+00,3.392857142857142461e-01,8.888888888888889506e-01,1.325970475968721405e-04,1.286985807072407902e-02,0.000000000000000000e+00,0.000000000000000000e+00,1.199520191923230056e-03,4.653130287648053059e-03,0.000000000000000000e+00,0.000000000000000000e+00,0.000000000000000000e+00,0.000000000000000000e+00,1.329239276362149105e-05,0.000000000000000000e+00,0.000000000000000000e+00,3.294117647058824039e-01,1.000000000000000000e+00,2.325581395348836830e-02,0.000000000000000000e+00,1.995609658750818995e-06,1.689189189189200057e-05,0.000000000000000000e+00,0.000000000000000000e+00,0.000000000000000000e+00,0.000000000000000000e+00,2.000000000000000000e+00
0.000000000000000000e+00,0.000000000000000000e+00,3.392857142857142461e-01,8.888888888888889506e-01,1.321413876394949194e-04,1.286985807072407902e-02,0.000000000000000000e+00,0.000000000000000000e+00,2.199120351859255862e-03,8.883248730964465878e-03,0.000000000000000000e+00,0.000000000000000000e+00,0.000000000000000000e+00,0.000000000000000000e+00,1.329239276362149105e-05,0.000000000000000000e+00,0.000000000000000000e+00,3.686274509803921795e-01,1.000000000000000000e+00,2.325581395348836830e-02,0.000000000000000000e+00,1.995609658750818995e-06,1.689189189189200057e-05,0.000000000000000000e+00,0.000000000000000000e+00,0.000000000000000000e+00,0.000000000000000000e+00,2.000000000000000000e+00
0.000000000000000000e+00,1.000000000000000021e-02,8.035714285714284921e-01,8.888888888888889506e-01,4.784429552464527369e-05,1.286985807072407902e-02,0.000000000000000000e+00,0.000000000000000000e+00,9.996001599360216587e-05,0.000000000000000000e+00,0.000000000000000000e+00,0.000000000000000000e+00,0.000000000000000000e+00,0.000000000000000000e+00,1.329239276362149105e-05,0.000000000000000000e+00,0.000000000000000000e+00,1.000000000000000000e+00,9.882352941176471006e-01,2.302325581395348389e-02,1.000000000000000194e-02,0.000000000000000000e+00,0.000000000000000000e+00,0.000000000000000000e+00,0.000000000000000000e+00,0.000000000000000000e+00,0.000000000000000000e+00,2.000000000000000000e+00
6.889763779527558960e-03,0.000000000000000000e+00,8.928571428571427937e-01,8.888888888888889506e-01,8.835246573551041671e-04,1.286985807072407902e-02,0.000000000000000000e+00,0.000000000000000000e+00,9.996001599360216587e-05,4.230118443316407289e-04,0.000000000000000000e+00,0.000000000000000000e+00,0.000000000000000000e+00,0.000000000000000000e+00,1.329239276362149105e-05,0.000000000000000000e+00,1.773678609435963332e-04,1.000000000000000000e+00,5.019607843137254832e-01,1.162790697674418415e-02,2.000000000000000389e-02,0.000000000000000000e+00,0.000000000000000000e+00,0.000000000000000000e+00,0.000000000000000000e+00,0.000000000000000000e+00,0.000000000000000000e+00,2.000000000000000000e+00
1.181102362204724220e-02,0.000000000000000000e+00,8.928571428571427937e-01,8.888888888888889506e-01,3.508581671807273314e-04,1.286985807072407902e-02,0.000000000000000000e+00,0.000000000000000000e+00,9.996001599360216587e-05,4.230118443316407289e-04,0.000000000000000000e+00,0.000000000000000000e+00,0.000000000000000000e+00,0.000000000000000000e+00,1.329239276362149105e-05,0.000000000000000000e+00,1.773678609435963332e-04,9.529411764705882915e-01,6.549019607843137303e-01,1.488372093023255724e-02,1.000000000000000194e-02,0.000000000000000000e+00,4.222972972972764668e-06,0.000000000000000000e+00,0.000000000000000000e+00,0.000000000000000000e+00,0.000000000000000000e+00,2.000000000000000000e+00
0.000000000000000000e+00,0.000000000000000000e+00,3.392857142857142461e-01,8.888888888888889506e-01,1.407989268296690319e-04,1.286985807072407902e-02,0.000000000000000000e+00,0.000000000000000000e+00,1.999200319872063917e-04,4.230118443316407289e-04,0.000000000000000000e+00,0.000000000000000000e+00,0.000000000000000000e+00,0.000000000000000000e+00,1.329239276362149105e-05,0.000000000000000000e+00,0.000000000000000000e+00,1.000000000000000000e+00,1.000000000000000000e+00,2.325581395348836830e-02,0.000000000000000000e+00,0.000000000000000000e+00,0.000000000000000000e+00,0.000000000000000000e+00,0.000000000000000000e+00,0.000000000000000000e+00,0.000000000000000000e+00,2.000000000000000000e+00
0.000000000000000000e+00,0.000000000000000000e+00,3.392857142857142461e-01,8.888888888888889506e-01,1.421659067018015354e-04,1.286985807072407902e-02,0.000000000000000000e+00,0.000000000000000000e+00,3.998400639744107234e-04,1.692047377326564650e-03,0.000000000000000000e+00,0.000000000000000000e+00,0.000000000000000000e+00,0.000000000000000000e+00,1.329239276362149105e-05,0.000000000000000000e+00,7.094714437744008100e-05,1.000000000000000000e+00,1.000000000000000000e+00,2.325581395348836830e-02,0.000000000000000000e+00,0.000000000000000000e+00,0.000000000000000000e+00,0.000000000000000000e+00,0.000000000000000000e+00,0.000000000000000000e+00,0.000000000000000000e+00,2.000000000000000000e+00
0.000000000000000000e+00,0.000000000000000000e+00,3.392857142857142461e-01,8.888888888888889506e-01,1.448998664460665966e-04,1.286985807072407902e-02,0.000000000000000000e+00,0.000000000000000000e+00,9.996001599360216587e-05,5.499153976311337011e-03,0.000000000000000000e+00,0.000000000000000000e+00,0.000000000000000000e+00,0.000000000000000000e+00,1.329239276362149105e-05,0.000000000000000000e+00,3.724725079815365220e-05,5.490196078431373167e-02,1.000000000000000000e+00,2.325581395348836830e-02,0.000000000000000000e+00,1.396926761125542083e-05,1.689189189189200057e-05,0.000000000000000000e+00,0.000000000000000000e+00,0.000000000000000000e+00,0.000000000000000000e+00,2.000000000000000000e+00
0.000000000000000000e+00,0.000000000000000000e+00,3.392857142857142461e-01,8.888888888888889506e-01,1.439885465313121545e-04,1.286985807072407902e-02,0.000000000000000000e+00,0.000000000000000000e+00,2.099160335865653520e-03,9.729272419627749829e-03,0.000000000000000000e+00,0.000000000000000000e+00,0.000000000000000000e+00,0.000000000000000000e+00,1.329239276362149105e-05,0.000000000000000000e+00,2.128414331323176680e-05,1.000000000000000000e+00,1.000000000000000000e+00,2.325581395348836830e-02,0.000000000000000000e+00,0.000000000000000000e+00,0.000000000000000000e+00,0.000000000000000000e+00,0.000000000000000000e+00,0.000000000000000000e+00,0.000000000000000000e+00,2.000000000000000000e+00
0.000000000000000000e+00,0.000000000000000000e+00,3.392857142857142461e-01,8.888888888888889506e-01,1.417102467444243414e-04,1.286985807072407902e-02,0.000000000000000000e+00,0.000000000000000000e+00,2.898840463814474858e-03,1.395939086294416265e-02,0.000000000000000000e+00,0.000000000000000000e+00,0.000000000000000000e+00,0.000000000000000000e+00,1.329239276362149105e-05,0.000000000000000000e+00,1.596310748492447054e-05,1.000000000000000000e+00,1.000000000000000000e+00,2.325581395348836830e-02,0.000000000000000000e+00,0.000000000000000000e+00,0.000000000000000000e+00,0.000000000000000000e+00,0.000000000000000000e+00,0.000000000000000000e+00,0.000000000000000000e+00,2.000000000000000000e+00
8.858267716535432948e-03,0.000000000000000000e+00,8.928571428571427937e-01,8.888888888888889506e-01,4.871004944366202493e-04,1.286985807072407902e-02,0.000000000000000000e+00,0.000000000000000000e+00,9.996001599360216587e-05,4.230118443316407289e-04,0.000000000000000000e+00,0.000000000000000000e+00,0.000000000000000000e+00,0.000000000000000000e+00,1.329239276362149105e-05,0.000000000000000000e+00,1.773678609435963332e-04,1.000000000000000000e+00,5.803921568627451455e-01,1.348837209302325077e-02,2.000000000000000389e-02,0.000000000000000000e+00,0.000000000000000000e+00,0.000000000000000000e+00,0.000000000000000000e+00,0.000000000000000000e+00,0.000000000000000000e+00,2.000000000000000000e+00
0.000000000000000000e+00,0.000000000000000000e+00,3.392857142857142461e-01,8.888888888888889506e-01,1.485451461050878077e-04,1.286985807072407902e-02,0.000000000000000000e+00,0.000000000000000000e+00,5.997600959616150281e-04,2.115059221658205542e-03,0.000000000000000000e+00,0.000000000000000000e+00,0.000000000000000000e+00,0.000000000000000000e+00,1.329239276362149105e-05,0.000000000000000000e+00,0.000000000000000000e+00,1.882352941176470562e-01,1.000000000000000000e+00,2.325581395348836830e-02,0.000000000000000000e+00,3.991219317501326282e-06,8.445945945945844432e-06,0.000000000000000000e+00,0.000000000000000000e+00,0.000000000000000000e+00,0.000000000000000000e+00,2.000000000000000000e+00
0.000000000000000000e+00,0.000000000000000000e+00,3.392857142857142461e-01,8.888888888888889506e-01,1.458111863608219062e-04,1.286985807072407902e-02,0.000000000000000000e+00,0.000000000000000000e+00,1.499400239904038600e-03,5.922165820642977252e-03,0.000000000000000000e+00,0.000000000000000000e+00,0.000000000000000000e+00,0.000000000000000000e+00,1.329239276362149105e-05,0.000000000000000000e+00,0.000000000000000000e+00,2.235294117647058654e-01,1.000000000000000000e+00,2.325581395348836830e-02,0.000000000000000000e+00,3.991219317501326282e-06,8.445945945945844432e-06,0.000000000000000000e+00,0.000000000000000000e+00,0.000000000000000000e+00,0.000000000000000000e+00,2.000000000000000000e+00
0.000000000000000000e+00,0.000000000000000000e+00,3.392857142857142461e-01,8.888888888888889506e-01,1.243951683640761436e-04,1.286985807072407902e-02,0.000000000000000000e+00,0.000000000000000000e+00,4.998000799680129029e-04,1.692047377326564650e-03,0.000000000000000000e+00,0.000000000000000000e+00,0.000000000000000000e+00,0.000000000000000000e+00,1.329239276362149105e-05,0.000000000000000000e+00,0.000000000000000000e+00,3.019607843137254721e-01,1.000000000000000000e+00,2.325581395348836830e-02,0.000000000000000000e+00,1.995609658750818995e-06,4.222972972972764668e-06,1.666666666666500008e-06,0.000000000000000000e+00,0.000000000000000000e+00,0.000000000000000000e+00,2.000000000000000000e+00
0.000000000000000000e+00,0.000000000000000000e+00,3.392857142857142461e-01,8.888888888888889506e-01,1.266734681509639566e-04,1.286985807072407902e-02,0.000000000000000000e+00,0.000000000000000000e+00,1.499400239904038600e-03,5.922165820642977252e-03,0.000000000000000000e+00,0.000000000000000000e+00,0.000000000000000000e+00,0.000000000000000000e+00,1.329239276362149105e-05,0.000000000000000000e+00,0.000000000000000000e+00,3.411764705882353033e-01,1.000000000000000000e+00,2.325581395348836830e-02,0.000000000000000000e+00,1.995609658750818995e-06,4.222972972972764668e-06,1.666666666666500008e-06,0.000000000000000000e+00,0.000000000000000000e+00,0.000000000000000000e+00,2.000000000000000000e+00
0.000000000000000000e+00,0.000000000000000000e+00,3.392857142857142461e-01,8.888888888888889506e-01,1.521904257641081785e-04,1.286985807072407902e-02,0.000000000000000000e+00,0.000000000000000000e+00,4.998000799680129029e-04,9.306260575296106119e-03,0.000000000000000000e+00,0.000000000000000000e+00,0.000000000000000000e+00,0.000000000000000000e+00,1.329239276362149105e-05,0.000000000000000000e+00,1.596310748492447054e-05,1.000000000000000000e+00,1.000000000000000000e+00,2.325581395348836830e-02,0.000000000000000000e+00,0.000000000000000000e+00,0.000000000000000000e+00,0.000000000000000000e+00,0.000000000000000000e+00,0.000000000000000000e+00,0.000000000000000000e+00,2.000000000000000000e+00
0.000000000000000000e+00,0.000000000000000000e+00,3.392857142857142461e-01,8.888888888888889506e-01,1.243951683640761436e-04,1.286985807072407902e-02,0.000000000000000000e+00,0.000000000000000000e+00,2.099160335865653520e-03,1.353637901861252067e-02,0.000000000000000000e+00,0.000000000000000000e+00,0.000000000000000000e+00,0.000000000000000000e+00,1.329239276362149105e-05,0.000000000000000000e+00,1.064207165661717597e-05,3.647058823529412130e-01,1.000000000000000000e+00,2.325581395348836830e-02,0.000000000000000000e+00,1.995609658750818995e-06,4.222972972972764668e-06,1.666666666666500008e-06,0.000000000000000000e+00,0.000000000000000000e+00,0.000000000000000000e+00,2.000000000000000000e+00
0.000000000000000000e+00,0.000000000000000000e+00,3.392857142857142461e-01,8.888888888888889506e-01,1.262178081935867355e-04,1.286985807072407902e-02,0.000000000000000000e+00,0.000000000000000000e+00,2.399040383846462281e-03,1.776649746192893176e-02,0.000000000000000000e+00,0.000000000000000000e+00,0.000000000000000000e+00,0.000000000000000000e+00,1.329239276362149105e-05,0.000000000000000000e+00,8.868393047179686558e-06,3.764705882352941124e-01,1.000000000000000000e+00,2.325581395348836830e-02,0.000000000000000000e+00,1.995609658750818995e-06,4.222972972972764668e-06,1.666666666666500008e-06,0.000000000000000000e+00,0.000000000000000000e+00,0.000000000000000000e+00,2.000000000000000000e+00
0.000000000000000000e+00,0.000000000000000000e+00,3.392857142857142461e-01,8.888888888888889506e-01,1.202942287476785652e-04,1.286985807072407902e-02,0.000000000000000000e+00,0.000000000000000000e+00,1.999200319872063917e-04,4.230118443316407289e-04,0.000000000000000000e+00,0.000000000000000000e+00,0.000000000000000000e+00,0.000000000000000000e+00,1.329239276362149105e-05,0.000000000000000000e+00,0.000000000000000000e+00,2.431372549019607809e-01,1.000000000000000000e+00,2.325581395348836830e-02,0.000000000000000000e+00,3.991219317501326282e-06,8.445945945945844432e-06,0.000000000000000000e+00,0.000000000000000000e+00,0.000000000000000000e+00,0.000000000000000000e+00,2.000000000000000000e+00
0.000000000000000000e+00,0.000000000000000000e+00,3.392857142857142461e-01,8.888888888888889506e-01,1.262178081935867355e-04,1.286985807072407902e-02,0.000000000000000000e+00,0.000000000000000000e+00,1.999200319872063917e-04,4.230118443316407289e-04,0.000000000000000000e+00,0.000000000000000000e+00,0.000000000000000000e+00,0.000000000000000000e+00,1.329239276362149105e-05,0.000000000000000000e+00,0.000000000000000000e+00,1.000000000000000000e+00,1.000000000000000000e+00,2.325581395348836830e-02,0.000000000000000000e+00,0.000000000000000000e+00,0.000000000000000000e+00,0.000000000000000000e+00,0.000000000000000000e+00,0.000000000000000000e+00,0.000000000000000000e+00,2.000000000000000000e+00
0.000000000000000000e+00,0.000000000000000000e+00,3.392857142857142461e-01,8.888888888888889506e-01,1.544687255509959915e-04,1.286985807072407902e-02,0.000000000000000000e+00,0.000000000000000000e+00,7.996801279488214469e-04,4.230118443316411951e-03,0.000000000000000000e+00,0.000000000000000000e+00,0.000000000000000000e+00,0.000000000000000000e+00,1.329239276362149105e-05,0.000000000000000000e+00,3.192621496984894108e-05,1.000000000000000000e+00,1.000000000000000000e+00,2.325581395348836830e-02,0.000000000000000000e+00,0.000000000000000000e+00,0.000000000000000000e+00,0.000000000000000000e+00,0.000000000000000000e+00,0.000000000000000000e+00,0.000000000000000000e+00,2.000000000000000000e+00
0.000000000000000000e+00,0.000000000000000000e+00,3.392857142857142461e-01,8.888888888888889506e-01,1.544687255509959915e-04,1.286985807072407902e-02,0.000000000000000000e+00,0.000000000000000000e+00,1.699320271891242851e-03,6.768189509306259469e-03,0.000000000000000000e+00,0.000000000000000000e+00,0.000000000000000000e+00,0.000000000000000000e+00,1.329239276362149105e-05,0.000000000000000000e+00,0.000000000000000000e+00,1.000000000000000000e+00,1.000000000000000000e+00,2.325581395348836830e-02,0.000000000000000000e+00,0.000000000000000000e+00,0.000000000000000000e+00,0.000000000000000000e+00,0.000000000000000000e+00,0.000000000000000000e+00,0.000000000000000000e+00,2.000000000000000000e+00
0.000000000000000000e+00,0.000000000000000000e+00,2.321428571428571230e-01,8.888888888888889506e-01,2.733959744265919723e-06,1.286985807072407902e-02,0.000000000000000000e+00,0.000000000000000000e+00,1.999200319872063917e-04,0.000000000000000000e+00,0.000000000000000000e+00,0.000000000000000000e+00,0.000000000000000000e+00,0.000000000000000000e+00,6.646196381810745523e-06,2.736726874657909774e-04,0.000000000000000000e+00,7.568627450980393023e-01,1.294117647058823650e-01,3.023255813953485208e-03,3.000000000000000236e-02,1.995609658750818995e-06,2.533783783783784670e-05,0.000000000000000000e+00,0.000000000000000000e+00,6.666666666666523499e-06,0.000000000000000000e+00,2.000000000000000000e+00
0.000000000000000000e+00,0.000000000000000000e+00,3.392857142857142461e-01,8.888888888888889506e-01,1.339640274690055385e-04,1.286985807072407902e-02,0.000000000000000000e+00,0.000000000000000000e+00,7.996801279488214469e-04,3.807106598984771276e-03,0.000000000000000000e+00,0.000000000000000000e+00,0.000000000000000000e+00,0.000000000000000000e+00,1.329239276362149105e-05,0.000000000000000000e+00,5.321035828307812613e-05,1.000000000000000000e+00,1.000000000000000000e+00,2.325581395348836830e-02,0.000000000000000000e+00,0.000000000000000000e+00,0.000000000000000000e+00,0.000000000000000000e+00,0.000000000000000000e+00,0.000000000000000000e+00,0.000000000000000000e+00,2.000000000000000000e+00
0.000000000000000000e+00,0.000000000000000000e+00,3.392857142857142461e-01,8.888888888888889506e-01,1.339640274690055385e-04,1.286985807072407902e-02,0.000000000000000000e+00,0.000000000000000000e+00,1.799280287884847144e-03,8.037225042301183661e-03,0.000000000000000000e+00,0.000000000000000000e+00,0.000000000000000000e+00,0.000000000000000000e+00,1.329239276362149105e-05,0.000000000000000000e+00,2.660517914154164821e-05,1.000000000000000000e+00,1.000000000000000000e+00,2.325581395348836830e-02,0.000000000000000000e+00,0.000000000000000000e+00,0.000000000000000000e+00,0.000000000000000000e+00,0.000000000000000000e+00,0.000000000000000000e+00,0.000000000000000000e+00,2.000000000000000000e+00
0.000000000000000000e+00,0.000000000000000000e+00,3.392857142857142461e-01,8.888888888888889506e-01,1.339640274690055385e-04,1.286985807072407902e-02,0.000000000000000000e+00,0.000000000000000000e+00,2.798880447820870782e-03,1.226734348561759821e-02,0.000000000000000000e+00,0.000000000000000000e+00,0.000000000000000000e+00,0.000000000000000000e+00,1.329239276362149105e-05,0.000000000000000000e+00,1.773678609435937312e-05,1.000000000000000000e+00,1.000000000000000000e+00,2.325581395348836830e-02,0.000000000000000000e+00,0.000000000000000000e+00,0.000000000000000000e+00,0.000000000000000000e+00,0.000000000000000000e+00,0.000000000000000000e+00,0.000000000000000000e+00,2.000000000000000000e+00
0.000000000000000000e+00,0.000000000000000000e+00,3.392857142857142461e-01,8.888888888888889506e-01,1.330527075542502289e-04,1.286985807072407902e-02,0.000000000000000000e+00,0.000000000000000000e+00,3.798480607756896370e-03,1.649746192893401103e-02,0.000000000000000000e+00,0.000000000000000000e+00,0.000000000000000000e+00,0.000000000000000000e+00,1.329239276362149105e-05,0.000000000000000000e+00,1.418942887548698282e-05,1.000000000000000000e+00,1.000000000000000000e+00,2.325581395348836830e-02,0.000000000000000000e+00,0.000000000000000000e+00,0.000000000000000000e+00,0.000000000000000000e+00,0.000000000000000000e+00,0.000000000000000000e+00,0.000000000000000000e+00,2.000000000000000000e+00
0.000000000000000000e+00,0.000000000000000000e+00,3.392857142857142461e-01,8.888888888888889506e-01,1.339640274690055385e-04,1.286985807072407902e-02,0.000000000000000000e+00,0.000000000000000000e+00,4.298280687724909815e-03,1.776649746192893176e-02,0.000000000000000000e+00,0.000000000000000000e+00,0.000000000000000000e+00,0.000000000000000000e+00,1.329239276362149105e-05,0.000000000000000000e+00,0.000000000000000000e+00,1.000000000000000000e+00,1.000000000000000000e+00,2.325581395348836830e-02,0.000000000000000000e+00,0.000000000000000000e+00,0.000000000000000000e+00,0.000000000000000000e+00,0.000000000000000000e+00,0.000000000000000000e+00,0.000000000000000000e+00,2.000000000000000000e+00
0.000000000000000000e+00,0.000000000000000000e+00,3.392857142857142461e-01,8.888888888888889506e-01,1.330527075542502289e-04,1.286985807072407902e-02,0.000000000000000000e+00,0.000000000000000000e+00,5.297880847660934971e-03,2.199661590524534804e-02,0.000000000000000000e+00,0.000000000000000000e+00,0.000000000000000000e+00,0.000000000000000000e+00,1.329239276362149105e-05,0.000000000000000000e+00,0.000000000000000000e+00,1.000000000000000000e+00,1.000000000000000000e+00,2.325581395348836830e-02,0.000000000000000000e+00,0.000000000000000000e+00,0.000000000000000000e+00,0.000000000000000000e+00,0.000000000000000000e+00,0.000000000000000000e+00,0.000000000000000000e+00,2.000000000000000000e+00
0.000000000000000000e+00,0.000000000000000000e+00,3.392857142857142461e-01,8.888888888888889506e-01,1.330527075542502289e-04,1.286985807072407902e-02,0.000000000000000000e+00,0.000000000000000000e+00,4.198320671731307040e-03,1.734348561759729151e-02,0.000000000000000000e+00,0.000000000000000000e+00,0.000000000000000000e+00,0.000000000000000000e+00,1.329239276362149105e-05,0.000000000000000000e+00,0.000000000000000000e+00,1.000000000000000000e+00,1.000000000000000000e+00,2.325581395348836830e-02,0.000000000000000000e+00,0.000000000000000000e+00,0.000000000000000000e+00,0.000000000000000000e+00,0.000000000000000000e+00,0.000000000000000000e+00,0.000000000000000000e+00,2.000000000000000000e+00
0.000000000000000000e+00,0.000000000000000000e+00,3.392857142857142461e-01,8.888888888888889506e-01,1.207498887050557863e-04,1.286985807072407902e-02,0.000000000000000000e+00,0.000000000000000000e+00,9.996001599360216587e-05,0.000000000000000000e+00,0.000000000000000000e+00,0.000000000000000000e+00,0.000000000000000000e+00,0.000000000000000000e+00,1.329239276362149105e-05,0.000000000000000000e+00,0.000000000000000000e+00,1.372549019607842702e-01,1.000000000000000000e+00,2.325581395348836830e-02,0.000000000000000000e+00,5.986828976252144853e-06,1.266891891891892335e-05,0.000000000000000000e+00,1.267427122940427322e-05,0.000000000000000000e+00,0.000000000000000000e+00,2.000000000000000000e+00
0.000000000000000000e+00,0.000000000000000000e+00,3.392857142857142461e-01,8.888888888888889506e-01,9.341029126240183984e-05,1.286985807072407902e-02,0.000000000000000000e+00,0.000000000000000000e+00,9.996001599360216587e-05,0.000000000000000000e+00,0.000000000000000000e+00,0.000000000000000000e+00,0.000000000000000000e+00,0.000000000000000000e+00,1.329239276362149105e-05,0.000000000000000000e+00,0.000000000000000000e+00,2.666666666666666630e-01,1.000000000000000000e+00,2.325581395348836830e-02,0.000000000000000000e+00,1.995609658750818995e-06,8.445945945945844432e-06,0.000000000000000000e+00,0.000000000000000000e+00,0.000000000000000000e+00,0.000000000000000000e+00,2.000000000000000000e+00
0.000000000000000000e+00,1.000000000000000021e-02,8.035714285714284921e-01,8.888888888888889506e-01,4.784429552464527369e-05,1.286985807072407902e-02,0.000000000000000000e+00,0.000000000000000000e+00,9.996001599360216587e-05,0.000000000000000000e+00,0.000000000000000000e+00,0.000000000000000000e+00,0.000000000000000000e+00,0.000000000000000000e+00,1.329239276362149105e-05,0.000000000000000000e+00,0.000000000000000000e+00,1.000000000000000000e+00,9.960784313725490335e-01,2.325581395348836830e-02,1.000000000000000194e-02,0.000000000000000000e+00,0.000000000000000000e+00,0.000000000000000000e+00,0.000000000000000000e+00,0.000000000000000000e+00,0.000000000000000000e+00,2.000000000000000000e+00
0.000000000000000000e+00,0.000000000000000000e+00,3.392857142857142461e-01,8.888888888888889506e-01,1.385206270427811917e-04,1.286985807072407902e-02,0.000000000000000000e+00,0.000000000000000000e+00,7.996801279488214469e-04,2.961082910321488626e-03,0.000000000000000000e+00,0.000000000000000000e+00,0.000000000000000000e+00,0.000000000000000000e+00,1.329239276362149105e-05,0.000000000000000000e+00,0.000000000000000000e+00,1.000000000000000000e+00,1.000000000000000000e+00,2.325581395348836830e-02,0.000000000000000000e+00,0.000000000000000000e+00,0.000000000000000000e+00,0.000000000000000000e+00,0.000000000000000000e+00,0.000000000000000000e+00,0.000000000000000000e+00,2.000000000000000000e+00
0.000000000000000000e+00,0.000000000000000000e+00,3.392857142857142461e-01,8.888888888888889506e-01,1.676828643149448628e-04,1.286985807072407902e-02,0.000000000000000000e+00,0.000000000000000000e+00,9.996001599360216587e-05,1.269035532994923108e-03,0.000000000000000000e+00,0.000000000000000000e+00,0.000000000000000000e+00,0.000000000000000000e+00,1.329239276362149105e-05,0.000000000000000000e+00,1.330258957076978937e-04,7.058823529411761832e-02,1.000000000000000000e+00,2.325581395348836830e-02,0.000000000000000000e+00,1.197365795250460141e-05,8.445945945945844432e-06,0.000000000000000000e+00,1.267427122940427322e-05,0.000000000000000000e+00,0.000000000000000000e+00,2.000000000000000000e+00
0.000000000000000000e+00,0.000000000000000000e+00,3.392857142857142461e-01,8.888888888888889506e-01,1.398876069149137223e-04,1.286985807072407902e-02,0.000000000000000000e+00,0.000000000000000000e+00,2.998800479808085440e-04,8.460236886632814578e-04,0.000000000000000000e+00,0.000000000000000000e+00,0.000000000000000000e+00,0.000000000000000000e+00,1.329239276362149105e-05,0.000000000000000000e+00,0.000000000000000000e+00,1.000000000000000000e+00,1.000000000000000000e+00,2.325581395348836830e-02,0.000000000000000000e+00,0.000000000000000000e+00,0.000000000000000000e+00,0.000000000000000000e+00,0.000000000000000000e+00,0.000000000000000000e+00,0.000000000000000000e+00,2.000000000000000000e+00
0.000000000000000000e+00,0.000000000000000000e+00,3.392857142857142461e-01,8.888888888888889506e-01,1.895545422690687409e-04,1.286985807072407902e-02,0.000000000000000000e+00,0.000000000000000000e+00,1.299480207916834350e-03,5.076142131979694168e-03,0.000000000000000000e+00,0.000000000000000000e+00,0.000000000000000000e+00,0.000000000000000000e+00,1.329239276362149105e-05,0.000000000000000000e+00,0.000000000000000000e+00,1.000000000000000000e+00,1.000000000000000000e+00,2.325581395348836830e-02,0.000000000000000000e+00,0.000000000000000000e+00,0.000000000000000000e+00,0.000000000000000000e+00,0.000000000000000000e+00,0.000000000000000000e+00,0.000000000000000000e+00,2.000000000000000000e+00
